8.140702701151623089e-01 3.198318208706638188e+01
4.947188525844588014e-01 2.234483729037444988e+01
-1.439839824769482135e-01 8.726479468182860799e+00
1.069551404139724937e+00 9.103093096714882648e-01
1.192749960018364241e+01 1.430778830691448178e-01
1.971967418793281013e+01 -1.446339019067330867e-01
2.661766480659600376e+01 6.376833224213182660e+00
3.022633582469295277e+01 1.347372392028485599e+01
2.818248675249645174e+01 2.335182853779002699e+01
2.498897257718941489e+01 2.800316906156673014e+01
1.924064706163675709e+01 3.107209476797610392e+01
1.176782389141829022e+01 3.126390262462668801e+01
4.837898131002026147e+00 3.169547030209050575e+01
1.772124522707272831e+00 3.198318208706638188e+01
