R second number: 1874
G second number: 1192
area_new: [[4.41375451 7.27061723 7.92236169 8.57400706 9.06240682 9.40297001
  8.78693005 1.89595688 0.         0.        ]
 [7.73615088 9.75732046 9.75732046 9.75732046 9.75732046 9.75732046
  9.75732046 9.25160646 2.64161783 0.        ]
 [9.27923499 9.75732046 9.75732046 9.75732046 9.75732046 9.75732046
  9.75732046 9.75732046 9.37631608 1.00954174]
 [9.39966332 9.75732046 9.75732046 9.75732046 9.75732046 9.75732046
  9.75732046 9.75732046 9.75732046 5.87964035]
 [8.91556173 9.75732046 9.75732046 9.75732046 9.75732046 9.75732046
  9.75732046 9.75732046 9.75732046 8.98893578]
 [8.43146013 9.75732046 9.75732046 9.75732046 9.75732046 9.75732046
  9.75732046 9.75732046 9.75732046 7.06380474]
 [7.94735854 9.75732046 9.75732046 9.75732046 9.75732046 9.75732046
  9.75732046 9.75732046 9.75732046 4.92811772]
 [7.53430669 9.75732046 9.75732046 9.75732046 9.75732046 9.75732046
  9.75732046 9.75732046 9.55944136 1.82338436]
 [7.19230457 9.75732046 9.75732046 9.75732046 9.75732046 9.75732046
  9.75732046 9.66109978 4.28618815 0.        ]
 [6.79134489 9.02387156 8.38975875 7.81637487 7.43605156 7.19930678
  6.06960451 1.58489976 0.         0.        ]]
select_R_number second: 1799
select_G_number second: 1075
