Frame	pos_x/um	pos_y/um	precision/nm	PSF/nm
80.0	20.3538	2.8674	13.9	114.3
80.0	12.377799999999999	9.8512	17.0	146.8
81.0	14.9293	11.7651	19.9	119.4
81.0	12.811399999999999	13.7475	12.5	159.0
83.0	12.783100000000001	13.7625	19.9	133.3
85.0	11.5055	13.9939	28.0	133.6
85.0	20.521099999999997	19.1747	24.0	112.8
85.0	14.3962	10.071200000000001	11.9	155.9
85.0	14.4683	8.0858	9.9	121.0
86.0	11.5545	14.023700000000002	27.8	96.4
86.0	7.8965	26.8751	8.5	133.0
86.0	14.359200000000001	10.1042	14.6	121.0
87.0	2.2031	10.1731	11.1	130.0
88.0	11.125399999999999	24.512400000000003	17.2	117.6
88.0	7.909800000000001	26.904799999999998	9.8	132.1
88.0	2.2186999999999997	10.182	9.2	120.7
88.0	9.756200000000002	13.9165	10.1	129.8
89.0	2.2636	10.1318	15.8	132.7
89.0	6.786	16.9008	17.4	146.2
89.0	7.9822	26.9724	8.0	129.4
90.0	2.283	10.096	17.7	128.4
90.0	7.8761	27.020799999999998	11.8	146.2
90.0	3.0028	21.8676	8.4	144.1
91.0	9.8762	20.6732	13.9	124.8
91.0	14.077200000000001	12.2539	26.9	128.8
91.0	7.8816999999999995	27.0641	8.8	133.5
92.0	10.665299999999998	19.3674	16.8	116.7
93.0	22.7275	22.623099999999997	20.5	183.2
94.0	12.5989	13.6623	23.4	102.3
94.0	2.4017	9.9948	10.7	113.2
95.0	2.4409	9.9451	13.9	135.3
96.0	30.5865	14.7566	18.7	170.9
96.0	22.6086	4.7424	8.9	111.1
98.0	30.3721	12.5136	20.5	183.5
99.0	6.8084	16.909599999999998	28.0	158.4
99.0	24.9153	12.678600000000001	14.8	119.7
99.0	2.2875	9.962399999999999	15.1	127.5
100.0	2.0076	7.4886	12.5	128.9
101.0	25.358400000000003	16.5024	13.4	155.0
101.0	9.8702	26.2834	9.7	147.7
102.0	31.017799999999998	16.689700000000002	19.3	116.3
104.0	11.7534	11.9137	17.8	127.3
105.0	30.4069	12.473799999999999	22.8	184.4
106.0	7.8763000000000005	27.670099999999998	15.4	116.8
106.0	9.335	14.350299999999999	14.9	155.9
107.0	0.8347	20.644099999999998	13.0	127.9
108.0	0.7192999999999999	20.8535	11.6	131.9
109.0	15.2539	19.8401	25.1	112.8
109.0	0.6955	20.7864	13.5	140.0
110.0	0.6052000000000001	20.7364	16.7	136.4
111.0	12.2451	15.9387	17.5	130.4
114.0	6.793	16.9459	29.2	149.4
115.0	30.4708	12.247	23.5	183.2
117.0	14.0485	12.2813	20.5	86.8
119.0	11.1999	3.0185	14.6	135.6
119.0	10.785	13.887	19.2	119.9
122.0	30.606	14.729899999999999	18.5	178.6
122.0	2.685	17.8903	12.4	155.8
130.0	2.7321999999999997	17.9065	16.6	178.5
135.0	15.6591	29.3885	9.2	145.7
137.0	30.3793	12.5137	20.6	180.6
137.0	9.7713	26.0175	11.2	133.2
140.0	26.957	20.3861	24.5	115.3
140.0	30.587	14.7798	25.1	153.4
141.0	30.4133	12.476700000000001	20.8	166.9
143.0	13.202200000000001	13.3563	17.0	150.8
143.0	30.4049	12.3765	27.4	173.1
144.0	20.251099999999997	24.5625	9.6	129.0
147.0	6.737	27.3139	11.1	117.3
149.0	11.0356	20.395799999999998	12.3	124.1
150.0	1.8193	20.854400000000002	11.9	134.0
151.0	2.7043000000000004	17.9273	14.4	159.2
151.0	25.3607	16.602700000000002	11.9	170.1
152.0	1.0644	20.7353	15.1	116.7
152.0	18.887900000000002	4.5985	15.0	114.2
153.0	19.093	4.49	13.1	149.6
155.0	14.915	5.3378000000000005	17.6	109.0
156.0	2.7186	17.8765	12.6	147.4
157.0	30.6176	14.7495	25.3	161.3
159.0	22.8212	22.8796	23.1	171.3
160.0	25.886400000000002	9.5763	20.2	152.1
161.0	25.8577	9.610700000000001	22.2	86.4
165.0	30.5988	14.751	20.6	141.0
169.0	22.707900000000002	23.1668	13.7	160.0
170.0	7.8308	26.6515	13.2	167.4
172.0	30.4523	12.2578	23.1	150.7
174.0	6.9805	23.6752	7.4	120.6
176.0	6.7718	16.923599999999997	19.8	120.1
176.0	30.4848	12.2262	21.7	127.5
178.0	30.466099999999997	12.2467	25.9	127.1
182.0	11.202	3.0375	10.7	123.7
188.0	10.597299999999999	14.682	16.8	118.3
188.0	13.5905	9.339799999999999	11.1	165.5
193.0	22.5254	22.6854	14.1	129.8
197.0	6.5936	16.0358	10.9	118.0
210.0	2.9852	2.5166	13.8	115.0
213.0	11.414	12.3907	9.3	118.6
214.0	13.555	8.9625	10.0	148.8
214.0	30.4748	12.2085	16.5	150.8
215.0	25.4177	16.7153	17.1	160.6
226.0	12.899799999999999	9.700299999999999	12.1	127.3
226.0	25.3568	16.5398	12.5	154.4
227.0	12.978299999999999	9.6199	11.7	158.7
228.0	2.9798	2.513	11.5	118.6
229.0	25.513	21.9825	21.9	125.6
229.0	2.9656	2.4999000000000002	11.3	119.1
230.0	11.2704	27.7593	9.0	122.5
231.0	2.9821999999999997	2.5326	15.6	129.8
233.0	15.614799999999999	27.344900000000003	10.6	132.1
241.0	22.7147	22.6943	17.2	111.7
251.0	30.452099999999998	12.2464	17.7	164.3
252.0	13.842	25.6113	8.1	125.6
253.0	21.638900000000003	7.1502	12.7	129.0
254.0	22.4046	28.3337	16.1	117.5
257.0	16.6316	2.7875	17.0	125.8
260.0	8.6446	27.9088	16.0	163.2
260.0	25.5653	15.457	10.6	118.4
269.0	1.7338	8.995	13.4	105.5
272.0	30.569599999999998	14.732700000000001	25.8	140.7
276.0	15.31	3.524	11.5	135.7
276.0	2.0649	9.135399999999999	8.5	119.7
277.0	15.258899999999999	3.6416999999999997	12.2	134.8
278.0	2.1271999999999998	9.1752	9.5	119.8
278.0	15.1646	3.7954	10.3	132.8
279.0	2.1198	9.201600000000001	13.2	129.9
279.0	15.0634	3.6259	10.9	142.3
282.0	3.6245	16.5265	21.5	128.9
282.0	12.5929	9.7219	16.3	140.2
284.0	10.9021	11.8711	19.5	124.2
286.0	13.1516	27.2449	13.6	116.7
292.0	11.4496	13.0326	13.1	147.9
293.0	15.644200000000001	28.9131	14.4	105.3
295.0	12.0694	14.0325	19.3	106.5
295.0	6.1193	22.375700000000002	14.0	145.5
298.0	30.4716	12.2185	19.8	111.1
298.0	26.9463	20.3885	9.1	130.1
299.0	7.5107	16.793599999999998	10.1	124.9
299.0	13.4266	12.693299999999999	10.5	128.4
300.0	12.0709	14.0545	16.0	111.6
301.0	28.8819	13.8074	14.1	116.5
302.0	28.7052	13.8013	15.0	161.3
303.0	28.6157	13.783100000000001	13.3	136.3
308.0	5.228899999999999	20.6275	18.1	99.7
308.0	18.7524	3.4606	9.0	132.5
309.0	18.7977	3.4682	11.0	151.4
310.0	18.917099999999998	3.3676	16.4	141.1
310.0	6.6976	16.8195	14.8	159.8
310.0	2.8228	29.8789	18.9	156.4
315.0	22.4667	22.9072	16.1	140.5
328.0	23.9605	23.7263	17.6	122.4
328.0	11.7611	13.094	15.8	124.2
328.0	12.060799999999999	14.081100000000001	13.9	118.4
330.0	11.8	13.097	19.0	130.4
331.0	24.0013	23.733	16.6	115.2
333.0	30.4591	12.2288	19.0	115.2
337.0	4.1086	28.395	11.3	131.1
340.0	13.3583	9.2889	17.9	175.2
345.0	30.4617	12.241700000000002	29.7	154.3
346.0	6.347899999999999	25.837	9.0	138.5
347.0	6.4381	25.9038	11.0	125.3
354.0	10.8508	12.0441	22.3	110.2
355.0	14.9511	11.824	12.8	129.4
358.0	28.8935	15.3249	14.6	137.0
364.0	28.797400000000003	13.755799999999999	14.5	143.3
365.0	30.423299999999998	12.202200000000001	10.1	110.8
366.0	30.4674	12.2147	21.5	108.8
371.0	9.4517	20.973	14.1	159.0
380.0	18.4046	18.7302	21.2	116.5
380.0	11.062100000000001	21.351599999999998	12.6	101.3
380.0	26.9249	20.3948	14.3	114.1
381.0	22.8702	22.6116	17.1	111.4
382.0	7.1135	26.8261	11.1	136.5
382.0	17.309900000000003	8.21	9.7	137.8
383.0	2.8977	16.227700000000002	11.5	126.0
383.0	28.419400000000003	15.5471	10.7	136.9
383.0	28.840400000000002	13.7243	11.0	123.7
384.0	16.9972	8.3798	17.2	123.5
384.0	7.0968	24.7195	8.1	120.3
386.0	18.099	19.08	13.7	119.6
387.0	2.7823	17.9417	15.8	124.5
388.0	0.49939999999999996	23.7826	13.3	125.2
389.0	23.8042	14.0776	12.8	136.1
389.0	22.686700000000002	22.767599999999998	19.6	141.8
389.0	0.6426000000000001	23.8012	9.2	142.3
391.0	19.0988	4.5875	15.2	128.1
391.0	22.665599999999998	11.0038	13.0	153.9
391.0	13.0241	9.5372	10.5	136.4
392.0	19.0996	4.5505	10.1	124.1
393.0	25.195700000000002	16.643	15.7	166.2
393.0	11.2201	11.8442	13.5	130.7
394.0	7.6605	27.9406	8.1	136.6
395.0	10.8569	8.9556	13.3	129.7
396.0	18.3376	18.739	15.3	137.9
397.0	13.306799999999999	12.4874	21.3	112.2
397.0	13.5544	6.5087	15.3	142.2
397.0	19.841	7.4253	13.8	116.9
398.0	6.7729	16.7231	19.5	170.3
398.0	10.579	14.693299999999999	12.0	122.1
398.0	28.6051	9.3666	13.3	121.0
398.0	20.8685	5.361800000000001	9.2	130.9
398.0	13.1441	12.3467	10.4	136.9
399.0	25.2264	16.4799	14.4	172.1
399.0	24.7028	8.649700000000001	20.2	114.2
399.0	10.5885	14.6748	17.1	128.8
400.0	25.22	16.5047	12.4	162.8
400.0	10.5815	14.7113	12.7	110.0
401.0	11.2494	14.6396	16.3	119.7
401.0	20.57	22.2636	15.7	108.9
402.0	13.249799999999999	12.908	11.0	112.9
402.0	20.593400000000003	22.1687	14.0	126.0
402.0	9.6433	30.157799999999998	9.9	129.8
403.0	21.674799999999998	14.148100000000001	14.0	167.2
403.0	20.8429	22.4346	15.9	169.7
403.0	13.5876	9.399899999999999	12.8	148.9
403.0	17.0609	12.6443	11.8	123.1
404.0	2.7799	12.4755	19.7	88.7
404.0	8.101	24.0527	13.7	130.1
404.0	13.017	14.709299999999999	10.8	131.8
406.0	13.1255	26.8215	13.7	161.7
407.0	31.0685	16.4806	13.0	141.0
407.0	23.9749	7.4234	11.9	123.0
408.0	12.9694	9.5286	13.6	141.2
408.0	6.4493	15.4294	11.0	148.8
408.0	20.8368	11.655100000000001	8.1	123.6
409.0	6.9751	11.3324	13.8	134.8
409.0	23.7596	7.1019	7.2	123.0
410.0	22.6256	22.5292	19.9	154.8
410.0	12.4045	14.8903	14.4	117.8
410.0	23.658	6.9403999999999995	7.0	127.7
413.0	13.1688	9.4645	18.6	184.0
413.0	10.191	19.7851	13.1	131.6
413.0	18.1303	26.538700000000002	14.2	123.8
413.0	11.4867	13.9865	14.0	119.9
414.0	28.8586	13.1121	22.1	126.5
414.0	30.5443	10.2162	7.1	120.5
415.0	6.9176	31.5661	22.6	121.6
417.0	7.7295	17.6301	12.1	137.8
417.0	11.584200000000001	30.4275	13.2	110.1
417.0	23.663400000000003	14.7134	7.5	128.2
417.0	11.469700000000001	14.0654	12.2	140.5
419.0	18.2527	26.9775	20.1	129.0
419.0	8.0592	24.153	11.1	126.8
419.0	18.297	11.8045	13.7	134.0
419.0	7.4064	7.1853	17.7	116.4
419.0	7.0232	31.68	19.0	145.3
420.0	18.3612	11.7775	18.3	95.9
420.0	17.0308	28.4584	12.7	123.8
421.0	29.0218	14.329	15.4	115.5
421.0	22.7733	22.917099999999998	16.5	127.3
421.0	9.944	31.7392	10.4	135.0
421.0	18.016	26.7108	12.8	110.0
421.0	17.5671	27.469900000000003	9.1	130.3
422.0	25.125700000000002	11.476	23.3	125.3
422.0	22.6591	22.6625	15.7	158.6
422.0	10.5488	14.239	8.9	143.5
423.0	17.5179	25.556900000000002	21.4	173.0
423.0	13.5431	4.2968	21.1	125.6
423.0	22.9374	22.609599999999997	16.0	160.8
424.0	2.7331999999999996	17.955599999999997	14.6	160.1
424.0	20.985799999999998	6.838100000000001	11.4	126.0
424.0	13.7975	12.791	16.5	155.0
425.0	20.8555	6.931100000000001	9.6	124.9
426.0	13.0769	16.8682	16.6	128.7
426.0	22.3921	22.6675	16.8	130.6
426.0	27.7677	14.5822	11.4	113.8
427.0	12.3561	13.3977	18.3	145.6
427.0	12.0082	14.593399999999999	8.7	139.3
428.0	17.4712	13.364799999999999	16.1	136.2
428.0	12.0347	14.572700000000001	14.0	162.1
429.0	13.4361	9.3101	13.4	152.4
429.0	22.7119	22.964	12.8	149.3
429.0	10.3669	11.8734	15.5	126.2
429.0	3.6688	9.0721	10.2	122.9
430.0	22.7975	22.892400000000002	16.9	149.5
430.0	14.0504	7.317	13.7	171.4
431.0	4.3988000000000005	10.479299999999999	13.3	140.5
432.0	6.8647	16.795900000000003	19.3	135.3
432.0	19.921599999999998	1.8276	15.1	113.7
433.0	10.5517	11.578299999999999	15.0	135.7
433.0	19.9004	1.8075	10.8	118.2
434.0	19.8885	1.8224	12.6	116.7
435.0	19.9325	7.2121	16.3	109.1
435.0	24.0317	22.3228	11.7	133.5
435.0	19.0412	24.650599999999997	8.8	140.3
436.0	11.5737	13.405899999999999	12.8	127.0
436.0	20.535	26.0652	10.1	131.6
436.0	4.3872	26.7417	10.0	130.1
437.0	20.2275	26.921	14.5	150.6
438.0	31.0046	16.765099999999997	17.5	131.5
439.0	17.385099999999998	5.6094	8.5	127.0
440.0	9.289200000000001	28.283900000000003	15.6	121.7
440.0	17.3869	5.6813	11.6	130.8
440.0	22.5879	11.624799999999999	7.9	114.8
441.0	15.0428	20.7195	22.5	109.6
441.0	20.084400000000002	23.151	15.6	104.6
441.0	22.5493	26.5942	19.3	160.1
442.0	22.6033	11.652299999999999	10.7	127.4
443.0	19.4513	6.4082	9.3	144.5
443.0	10.6646	18.3246	8.7	145.6
443.0	25.2618	16.4769	9.0	134.7
444.0	6.8491	16.784599999999998	13.9	138.0
446.0	11.8712	13.3046	7.4	123.4
446.0	11.0456	12.9809	7.9	122.4
448.0	17.9941	19.3503	16.7	156.0
448.0	0.7877000000000001	22.9265	11.9	157.2
448.0	10.5677	18.3247	13.1	153.3
449.0	4.2295	14.7249	12.5	121.9
449.0	0.5316000000000001	22.972900000000003	7.9	146.6
450.0	4.1629	14.8939	16.3	127.0
450.0	26.3169	15.2554	12.6	137.6
450.0	27.214	20.9898	14.0	144.2
452.0	0.9645	22.0905	16.9	170.4
452.0	0.602	14.5788	12.8	118.8
452.0	22.428900000000002	6.7606	12.1	132.1
452.0	18.469	8.376	14.3	127.2
452.0	11.491	14.0091	9.7	127.1
453.0	12.1647	14.9709	22.9	133.3
453.0	13.484399999999999	13.552299999999999	15.9	117.9
453.0	10.2214	19.6576	12.8	135.2
455.0	13.0855	9.5138	21.6	164.1
455.0	7.553	14.2348	10.4	143.3
456.0	11.9796	13.4715	16.6	113.8
456.0	12.640600000000001	9.8091	14.9	126.3
456.0	20.259700000000002	29.2318	15.5	137.6
457.0	4.7975	16.2005	10.1	141.6
457.0	16.2242	29.0409	11.8	119.0
457.0	7.8546000000000005	13.4024	12.2	122.4
458.0	7.872	13.410200000000001	10.6	129.2
458.0	7.985	14.405100000000001	9.1	130.0
459.0	12.5897	9.8725	11.5	148.1
459.0	25.1094	16.5446	10.4	153.8
459.0	8.069	13.5133	11.6	129.6
461.0	17.0054	31.509400000000003	19.0	131.1
461.0	30.860400000000002	16.765900000000002	18.9	143.2
461.0	13.36	9.254100000000001	13.1	171.5
462.0	6.6442	23.023799999999998	13.9	155.6
464.0	18.2762	16.119799999999998	16.0	104.5
464.0	22.4808	17.8406	8.3	121.6
464.0	22.7287	11.129700000000001	7.7	123.7
465.0	0.6392	21.4064	21.5	122.5
465.0	24.116400000000002	7.0988	13.2	118.0
465.0	22.717599999999997	12.5033	8.8	151.0
466.0	2.4311	17.8764	13.7	138.1
468.0	22.5556	22.1418	16.4	123.2
468.0	11.5598	14.7205	16.2	161.0
468.0	16.6051	18.0538	12.5	130.1
469.0	12.8929	15.4711	17.5	149.0
470.0	21.172	22.593799999999998	14.5	138.3
471.0	21.548599999999997	27.464299999999998	15.6	132.9
472.0	6.5931999999999995	11.555399999999999	17.5	120.0
474.0	26.0887	14.8304	14.9	116.1
474.0	23.943	7.9888	12.1	124.2
475.0	23.9438	7.8694	18.0	130.5
477.0	24.688599999999997	9.5044	12.1	127.7
478.0	24.723	9.5565	16.3	140.3
479.0	7.149	16.2777	23.4	104.9
479.0	4.2865	11.364	25.1	106.3
479.0	23.403599999999997	25.188299999999998	16.3	104.2
479.0	17.668599999999998	26.2291	14.0	113.3
480.0	7.9837	28.4711	13.7	127.5
480.0	19.5454	27.0002	15.3	119.4
480.0	20.4607	11.6205	13.0	123.5
480.0	30.9649	16.631700000000002	8.5	140.4
481.0	30.9153	16.641599999999997	13.3	131.9
481.0	2.7531	18.0389	11.0	117.8
482.0	13.6165	24.7108	16.0	144.4
482.0	20.2593	14.9468	7.3	119.9
483.0	23.5314	24.7228	15.7	134.0
483.0	12.004299999999999	13.7931	13.9	137.7
483.0	17.3418	4.464	12.2	161.9
483.0	13.8406	24.864900000000002	13.4	122.6
488.0	17.790599999999998	29.1872	13.2	120.2
489.0	26.295900000000003	10.5138	8.1	125.1
489.0	11.7874	13.905700000000001	8.1	111.0
490.0	6.6306	11.5472	8.6	113.8
490.0	26.307599999999997	10.5767	9.1	136.0
491.0	13.4542	9.1004	13.2	160.7
491.0	6.620100000000001	11.5323	11.3	128.2
492.0	15.7144	20.274099999999997	18.9	102.9
492.0	13.0645	25.703799999999998	18.7	113.2
492.0	11.3454	25.3719	10.5	136.2
493.0	12.0025	12.79	18.3	144.9
494.0	16.2973	22.377200000000002	15.6	145.3
496.0	30.9437	16.431	14.8	152.2
496.0	1.8128	30.7323	12.5	144.1
498.0	2.2698	18.125700000000002	20.5	183.7
498.0	0.8754	20.956400000000002	16.9	101.7
499.0	21.583	22.9325	20.3	111.7
500.0	23.2271	20.2153	25.3	104.4
500.0	22.799799999999998	5.8498	13.8	126.1
500.0	2.8775	18.8925	10.9	144.6
500.0	12.0342	12.809299999999999	10.5	118.9
501.0	7.2281	16.733700000000002	14.0	158.0
501.0	12.0191	12.7463	20.2	140.8
502.0	23.4988	6.573300000000001	15.4	118.3
502.0	22.805	22.5445	19.1	165.1
502.0	14.366700000000002	10.6372	21.1	130.6
502.0	27.2745	16.9835	11.2	121.7
503.0	22.634	22.8236	21.2	141.4
503.0	14.5658	10.5846	13.5	140.0
504.0	12.2768	8.1358	12.1	128.6
506.0	12.1264	8.3717	14.8	155.1
506.0	6.1559	30.970599999999997	12.0	134.5
507.0	17.768	29.063299999999998	7.8	120.5
508.0	15.625	11.2211	16.9	142.6
508.0	12.2434	8.3565	12.8	140.1
508.0	22.7186	22.6139	18.5	164.6
508.0	0.5505	21.0105	14.2	132.3
508.0	7.148	15.4951	11.0	120.6
508.0	11.65	11.914299999999999	9.5	133.6
510.0	22.6674	22.6877	16.6	170.4
510.0	8.6765	12.123899999999999	8.6	119.3
513.0	18.2121	24.4309	18.0	121.7
515.0	16.687099999999997	2.9059	13.2	135.5
515.0	7.417800000000001	10.314200000000001	11.1	118.9
515.0	22.561400000000003	22.9117	8.1	125.3
517.0	10.3929	7.807	16.7	137.6
519.0	6.9713	31.686	18.2	123.1
519.0	10.1878	23.723599999999998	10.1	122.7
520.0	21.871	2.2019	16.4	146.8
520.0	11.2989	27.552799999999998	12.1	140.4
520.0	29.468799999999998	16.4015	10.7	134.5
521.0	11.281600000000001	27.5448	18.1	141.8
522.0	21.133599999999998	28.1784	14.8	121.1
522.0	21.328	25.458	8.4	119.1
524.0	17.379	9.081	14.2	119.8
526.0	14.175600000000001	21.316599999999998	19.2	142.7
527.0	2.2437	19.316	8.6	130.0
528.0	9.0923	20.7536	20.9	143.5
529.0	6.879	17.0942	10.1	139.1
529.0	22.541400000000003	23.220599999999997	8.1	117.1
531.0	22.623900000000003	22.516	12.9	147.0
531.0	13.3985	9.594	9.5	151.0
532.0	2.2571999999999997	16.954099999999997	14.2	134.1
532.0	1.5588	19.821900000000003	13.4	121.8
533.0	2.8435	29.8953	16.9	178.8
533.0	22.7773	22.724400000000003	15.0	146.4
533.0	13.504299999999999	21.510900000000003	11.1	119.5
534.0	11.8125	11.911100000000001	13.5	136.7
537.0	3.8781	2.8886	17.0	137.0
538.0	10.6305	9.241200000000001	14.7	168.6
538.0	18.5503	12.1923	9.5	118.6
542.0	19.4722	23.5431	14.1	140.5
542.0	5.325	29.3822	10.3	131.4
542.0	10.3758	21.6791	11.9	152.3
543.0	31.3274	14.3903	15.4	130.1
543.0	13.7452	12.6938	13.6	146.3
543.0	5.3286999999999995	29.3502	11.5	142.7
546.0	9.7086	22.685599999999997	11.1	123.7
546.0	12.059	14.028799999999999	11.1	146.2
546.0	12.782200000000001	19.7568	11.2	109.9
546.0	22.5957	22.9552	20.3	136.9
546.0	12.9118	21.4518	18.1	113.5
547.0	6.0653999999999995	31.188	13.8	136.9
547.0	5.7096	22.472099999999998	16.7	161.5
549.0	14.2486	10.258	19.0	143.9
550.0	13.258	8.8602	13.7	132.8
550.0	14.2611	10.244299999999999	13.2	141.7
550.0	11.2973	14.7207	10.7	142.3
551.0	12.269	14.2988	10.1	128.1
551.0	14.9136	28.680799999999998	9.8	135.7
552.0	11.543299999999999	9.0275	12.5	175.3
553.0	19.5797	27.4385	17.9	119.1
553.0	13.5326	9.146	16.3	155.0
553.0	21.7924	23.631400000000003	11.7	128.1
553.0	14.2723	10.267100000000001	12.1	131.0
554.0	7.6136	11.4562	13.9	131.8
556.0	9.018799999999999	14.1422	12.2	123.8
557.0	13.3728	11.1789	21.2	124.6
558.0	11.9807	13.1336	16.9	134.6
558.0	22.5351	22.765	12.4	118.3
559.0	10.899	7.8151	12.1	119.5
560.0	22.6865	22.6207	14.6	140.7
560.0	6.39	22.2219	15.6	126.1
561.0	6.4102	22.2096	14.1	132.4
561.0	20.051	25.6597	10.1	132.2
562.0	6.260800000000001	22.3246	16.0	110.9
562.0	20.157400000000003	25.825400000000002	11.3	158.0
562.0	13.2791	23.3828	11.9	123.8
563.0	13.065299999999999	15.6509	15.1	140.5
563.0	20.2003	25.845299999999998	10.8	124.5
566.0	6.8527	28.421799999999998	14.2	122.4
567.0	6.8465	28.335099999999997	16.8	148.3
567.0	6.974	19.4434	12.4	148.2
568.0	2.8683	14.622399999999999	8.9	119.0
568.0	11.7591	13.207600000000001	13.8	118.4
568.0	7.047899999999999	19.5627	11.4	136.9
568.0	22.7497	22.621599999999997	11.7	143.8
569.0	10.6165	10.1314	17.6	148.4
569.0	22.6775	22.6285	17.5	146.1
569.0	20.4591	4.8499	11.8	113.7
570.0	22.4322	22.669700000000002	14.6	139.0
571.0	11.668299999999999	16.1874	18.5	116.7
571.0	18.640700000000002	26.257099999999998	16.3	178.5
571.0	2.3899	24.0207	14.3	133.8
573.0	12.2409	13.666799999999999	16.3	112.4
574.0	13.6141	11.8011	17.7	141.0
574.0	12.2187	13.669799999999999	14.4	105.4
575.0	22.455599999999997	22.8044	15.1	136.0
578.0	15.921700000000001	10.4363	18.4	168.2
578.0	0.3563	20.8972	14.2	163.4
578.0	22.756	23.0308	13.1	131.8
578.0	13.398200000000001	13.8524	14.3	179.7
578.0	9.78	16.8883	11.8	113.1
579.0	0.5498999999999999	21.1747	12.9	144.6
580.0	12.8348	13.255600000000001	8.7	121.1
581.0	12.8139	13.1928	15.5	141.9
581.0	12.0332	23.6675	17.0	107.3
581.0	12.4977	14.257200000000001	15.3	117.8
581.0	12.768600000000001	15.8568	17.0	143.9
581.0	20.6662	24.5729	9.0	123.2
585.0	0.406	21.1051	14.5	167.8
586.0	7.4327	11.3105	15.8	129.7
586.0	14.1633	13.7542	14.6	132.0
586.0	4.4307	10.5031	9.8	111.6
587.0	14.1646	13.7114	9.3	141.7
588.0	1.9889000000000001	22.1915	10.2	154.9
588.0	12.7904	11.7289	14.1	128.4
589.0	26.1629	12.6774	9.8	121.8
590.0	11.9078	9.341700000000001	12.8	106.1
592.0	11.207600000000001	21.4327	13.0	134.1
593.0	9.254	4.0347	14.6	161.2
593.0	22.6352	22.7278	11.9	126.4
594.0	12.4274	14.748700000000001	18.4	147.1
595.0	19.3375	27.0731	9.2	134.9
595.0	6.8463	31.657400000000003	10.2	139.6
596.0	19.2833	27.166400000000003	29.1	169.4
596.0	6.7933	31.609299999999998	8.3	132.4
597.0	12.5718	9.9679	20.6	118.3
598.0	11.6588	12.2334	17.5	149.0
598.0	25.3782	16.4939	22.1	174.1
598.0	13.3924	9.3524	11.7	143.4
599.0	22.5308	23.0895	20.9	101.5
599.0	8.1696	19.5932	10.8	118.5
600.0	3.991	26.176299999999998	16.2	141.7
600.0	20.5815	28.7931	11.4	106.4
600.0	0.4696	21.2502	12.0	144.6
601.0	11.383899999999999	12.1555	11.9	141.4
601.0	24.0774	7.3212	11.5	145.6
602.0	0.7208	20.737	14.1	166.0
602.0	25.5458	20.388099999999998	11.1	125.8
603.0	9.125	22.162	22.2	108.4
603.0	20.6038	28.743299999999998	10.3	115.1
604.0	0.5622999999999999	21.2576	16.5	142.8
605.0	24.620099999999997	15.2291	20.3	132.0
606.0	3.9701999999999997	29.6572	12.5	139.2
606.0	0.7958	20.759700000000002	13.6	154.6
606.0	20.3337	27.2833	8.4	132.2
607.0	7.107600000000001	3.6104000000000003	12.8	144.5
607.0	11.687899999999999	13.2724	10.0	127.6
608.0	28.295	16.1253	10.0	128.8
609.0	13.5686	9.0737	16.6	176.1
609.0	19.129	6.8797	11.6	134.1
610.0	12.0795	16.4273	22.7	101.5
610.0	22.860799999999998	26.4998	20.1	122.0
610.0	12.891	2.9686999999999997	15.3	182.5
610.0	22.8361	22.9883	12.4	123.1
610.0	13.5027	12.860299999999999	10.0	121.1
611.0	13.5933	9.3436	13.9	157.0
611.0	17.9176	26.9872	12.1	126.9
611.0	14.0853	15.9094	9.0	110.6
612.0	21.7826	26.5485	21.1	108.7
612.0	17.3699	9.0891	12.2	113.1
613.0	17.388900000000003	9.083	11.0	159.0
615.0	25.376099999999997	16.4987	13.2	183.5
617.0	13.5148	26.6822	11.6	122.2
618.0	6.8007	16.832	18.1	140.4
618.0	25.404700000000002	16.4589	14.9	134.3
619.0	25.3855	16.465799999999998	12.6	143.0
619.0	17.1384	4.3568999999999996	12.5	121.2
620.0	22.85	22.716900000000003	11.9	132.0
620.0	20.886200000000002	22.795900000000003	7.3	117.2
621.0	11.52	14.0686	10.9	133.6
621.0	11.179799999999998	13.4906	7.1	127.8
622.0	14.6045	13.690700000000001	14.7	162.8
624.0	13.7812	9.4543	21.8	130.2
624.0	21.3541	14.0734	12.5	131.2
624.0	23.610799999999998	15.130600000000001	9.6	131.7
625.0	20.01	24.8373	14.0	134.7
625.0	22.967	22.9405	11.9	153.2
626.0	16.990299999999998	8.6857	18.2	111.6
627.0	17.0825	8.6479	16.3	112.9
628.0	23.1542	9.558399999999999	15.5	135.1
630.0	2.7091	26.470200000000002	12.1	161.2
630.0	16.6794	9.366700000000002	8.6	129.3
631.0	7.3677	22.4042	15.0	133.0
632.0	8.987	29.6252	11.6	133.5
632.0	7.1363	22.5728	9.7	133.4
634.0	22.6816	22.686	10.9	140.9
635.0	21.0702	15.388	19.8	138.6
637.0	10.203700000000001	21.9953	15.4	151.8
638.0	10.9847	14.7594	16.9	128.3
639.0	12.0867	11.4121	14.4	158.0
640.0	18.863	26.009400000000003	17.7	163.6
640.0	9.185799999999999	4.1002	19.3	179.0
640.0	7.9905	16.1348	7.7	112.9
643.0	27.6019	17.554299999999998	12.3	112.8
644.0	13.8944	26.5351	15.8	116.9
644.0	10.9062	14.509799999999998	14.1	125.8
644.0	27.6211	17.5812	14.3	123.3
644.0	20.995900000000002	5.860399999999999	9.8	119.4
645.0	10.7778	14.55	22.8	125.9
645.0	13.7621	26.5559	18.3	130.3
647.0	4.8469	20.1614	22.9	121.5
648.0	19.843400000000003	21.7129	10.9	125.8
649.0	27.4441	16.7598	14.7	110.9
651.0	22.7134	22.8666	17.9	132.5
651.0	11.5084	27.8167	17.2	147.4
651.0	14.2799	4.382	12.5	136.9
651.0	10.6149	17.929299999999998	11.1	131.7
651.0	21.027	23.9542	9.2	115.8
652.0	22.719900000000003	22.9227	9.8	118.3
654.0	28.9795	13.8334	9.1	139.1
655.0	25.713900000000002	9.433	12.3	133.5
655.0	20.138	24.883	9.3	127.6
656.0	25.8884	17.9012	24.5	140.5
656.0	6.8566	16.8715	12.6	139.0
656.0	22.6435	23.1471	11.6	131.2
657.0	20.1092	13.637799999999999	16.3	126.4
657.0	1.7529000000000001	22.3296	13.0	128.4
657.0	25.8759	17.8183	8.9	127.3
660.0	11.370299999999999	16.125	12.0	137.0
660.0	13.681899999999999	11.6494	10.6	143.5
660.0	21.0652	28.020799999999998	7.7	119.6
661.0	22.7074	22.9492	12.8	141.6
662.0	13.793700000000001	26.9589	15.0	146.4
662.0	4.5617	25.624299999999998	13.2	128.1
663.0	11.8738	28.0876	10.1	123.8
663.0	10.6721	13.6691	11.8	143.1
663.0	12.7681	12.742299999999998	10.2	131.2
664.0	5.002800000000001	29.421200000000002	8.4	123.4
664.0	22.7852	22.6325	9.1	132.2
665.0	12.1277	13.460700000000001	16.8	108.7
667.0	5.3931000000000004	20.6755	14.8	112.3
667.0	12.8934	19.6391	18.4	139.8
668.0	17.8478	25.002	14.5	124.8
669.0	23.307	9.399299999999998	7.0	117.5
669.0	22.904	22.4344	7.4	134.3
670.0	23.4123	9.541	10.0	122.1
670.0	22.9178	22.523799999999998	10.5	144.5
671.0	14.0238	25.0306	28.6	109.1
672.0	29.5383	16.3724	8.0	115.7
673.0	28.4893	17.249	17.4	126.5
676.0	12.1927	29.5587	16.5	137.6
676.0	9.2392	2.5362	10.7	107.6
677.0	11.158299999999999	16.768	17.1	138.3
677.0	9.2844	2.5132	10.7	126.9
677.0	19.3678	15.0575	13.6	139.1
678.0	8.644200000000001	23.076	18.7	113.3
678.0	9.2709	2.578	10.9	113.3
680.0	12.8094	20.5817	15.2	130.1
680.0	10.5097	9.9685	17.1	119.2
682.0	20.5093	27.1675	14.0	109.5
683.0	1.0693	19.278299999999998	9.0	134.8
684.0	15.0566	21.7434	15.7	140.7
684.0	25.028299999999998	13.4815	9.2	128.2
684.0	12.3843	14.893799999999999	7.3	125.5
686.0	27.4943	12.735299999999999	16.1	164.7
687.0	18.684900000000003	25.5993	7.2	135.2
688.0	31.4955	14.4282	16.0	135.3
688.0	20.702900000000003	27.9336	10.4	129.7
690.0	5.074	17.5505	17.6	142.2
690.0	1.6038	7.237	12.3	134.0
691.0	1.642	7.2904	10.2	130.6
692.0	13.415799999999999	9.329600000000001	21.1	138.8
693.0	11.3929	12.9704	16.6	111.7
694.0	7.3658	16.7441	11.6	114.0
697.0	0.6802999999999999	14.0525	12.7	102.9
697.0	30.9227	14.011899999999999	11.0	128.8
698.0	30.979200000000002	14.0933	17.5	135.4
698.0	23.803	13.8002	11.9	120.4
700.0	7.711600000000001	19.6558	23.5	122.4
700.0	8.6479	15.9391	12.8	126.1
701.0	6.2358	4.0537	12.9	133.9
701.0	11.010200000000001	2.5856	16.2	120.7
701.0	12.1437	14.9293	19.6	95.1
701.0	1.3589	15.801	10.4	122.7
701.0	4.5908999999999995	16.7915	8.7	140.0
701.0	10.890600000000001	16.6654	10.4	130.6
702.0	16.6102	6.238	20.1	104.2
702.0	22.7626	22.966900000000003	21.4	186.9
702.0	12.1614	14.937299999999999	19.4	109.0
703.0	11.642	14.1287	18.4	114.2
703.0	16.650299999999998	6.2161	12.8	115.4
703.0	13.324	13.0991	19.3	108.9
705.0	13.3656	9.129299999999999	18.8	181.9
706.0	12.9651	9.411100000000001	17.4	180.8
707.0	19.9765	3.8341	13.7	155.8
707.0	6.9811000000000005	22.7985	8.5	132.4
708.0	1.8725999999999998	22.3444	13.3	133.3
709.0	11.4368	15.2189	21.4	171.1
709.0	22.621299999999998	23.0128	17.8	123.4
710.0	17.4331	11.9922	7.6	150.8
711.0	14.6645	22.0975	18.7	134.1
711.0	22.7671	22.551299999999998	9.3	146.2
713.0	4.4725	17.722099999999998	13.4	107.9
714.0	9.4825	22.8935	10.2	130.8
714.0	4.4113999999999995	17.722	10.0	118.6
717.0	22.1197	5.6228	12.2	135.6
717.0	22.616	22.9054	8.2	115.8
718.0	26.9131	20.774	19.3	121.1
719.0	14.4544	28.8903	15.6	129.7
719.0	5.7938	4.8315	11.8	105.8
719.0	12.2466	28.805400000000002	10.7	163.8
720.0	14.272200000000002	8.4992	23.0	182.5
721.0	5.6004	4.6686000000000005	13.6	148.6
721.0	22.6791	22.7137	13.7	147.5
722.0	9.6648	14.4525	20.6	124.6
722.0	5.554399999999999	4.7016	8.6	126.4
723.0	22.651400000000002	22.8225	17.1	169.5
723.0	5.477600000000001	4.9029	11.5	130.3
723.0	13.3309	9.1389	13.1	158.2
723.0	10.084299999999999	26.190900000000003	10.3	138.5
724.0	5.417800000000001	4.8902	12.3	116.4
725.0	19.5912	26.643099999999997	12.4	116.6
726.0	22.72	22.8707	15.8	169.1
727.0	13.476899999999999	9.4229	18.0	173.9
729.0	5.8809	14.8934	10.0	148.0
730.0	5.8383	14.9094	18.0	135.9
731.0	12.9854	9.5504	14.4	131.3
732.0	22.5338	22.54	11.7	142.6
732.0	7.5645	17.465	12.0	137.4
733.0	24.761	15.4369	10.9	148.6
733.0	12.8866	27.4488	10.5	125.9
733.0	14.5606	13.7569	7.7	121.7
737.0	21.863599999999998	13.0634	9.2	130.8
739.0	10.5592	12.536700000000002	15.9	150.5
743.0	22.4396	22.8652	22.4	104.3
743.0	10.6078	14.693200000000001	18.5	124.8
744.0	3.4962	15.9176	17.2	134.0
745.0	9.5379	16.6575	12.5	123.8
747.0	11.2631	12.535200000000001	21.7	108.9
747.0	16.9561	28.1591	10.6	120.1
748.0	22.612299999999998	22.7471	10.6	140.6
749.0	16.490599999999997	11.019	14.6	120.7
750.0	19.546	26.4378	15.3	118.7
750.0	11.189200000000001	11.0675	11.6	142.5
751.0	6.3531	14.8627	16.8	125.8
752.0	22.7835	12.5332	15.7	150.6
753.0	13.4122	9.229700000000001	14.0	155.8
754.0	19.187	24.709400000000002	16.1	128.9
754.0	22.0932	26.550900000000002	7.8	127.1
757.0	22.8982	11.0223	22.5	182.7
757.0	29.841099999999997	13.863700000000001	14.7	138.0
758.0	11.2121	7.407	12.2	138.2
758.0	9.8173	31.6519	9.8	148.0
761.0	10.7835	7.5023	8.4	109.9
762.0	10.171	4.1141000000000005	11.5	128.3
763.0	22.7345	22.9315	12.4	141.2
764.0	29.4503	16.1523	16.3	156.9
764.0	10.0281	20.977	19.7	156.2
764.0	6.2561	15.0866	7.2	116.2
768.0	8.0593	3.4852	19.7	115.0
769.0	27.8644	14.5271	23.4	139.3
769.0	31.4286	9.8589	12.9	140.3
770.0	31.401400000000002	9.964799999999999	16.3	120.7
772.0	22.57	23.1118	13.0	163.9
772.0	16.864099999999997	16.0395	10.2	122.0
773.0	8.0916	3.512	9.9	105.6
774.0	18.0409	8.9876	18.9	120.1
774.0	5.1808000000000005	18.3828	11.1	139.0
774.0	6.7408	16.845	12.6	118.8
776.0	6.1242	13.3482	12.2	144.2
776.0	12.758299999999998	9.0256	10.4	118.4
777.0	22.757900000000003	22.6576	20.7	159.4
777.0	10.3241	12.4472	12.8	129.1
779.0	16.964299999999998	25.8273	10.1	132.6
781.0	6.9955	16.1742	19.5	120.5
782.0	25.1854	16.7344	17.7	156.2
783.0	12.4914	15.6995	19.6	130.3
783.0	13.3775	13.309	15.8	145.4
783.0	20.3379	29.032	16.8	152.1
783.0	8.9747	22.4449	10.7	123.7
784.0	22.8388	22.6421	21.8	133.7
784.0	16.3767	22.2499	9.9	139.5
785.0	16.4463	22.3167	17.6	127.2
786.0	6.9116	31.6738	10.1	120.7
787.0	14.5822	12.0427	21.1	155.9
788.0	9.312700000000001	26.9053	9.9	134.4
788.0	14.381200000000002	7.0608	17.1	97.2
789.0	15.5556	27.0864	10.3	121.6
793.0	12.3787	13.9173	17.0	132.4
793.0	10.7693	22.5639	16.1	114.7
794.0	25.4403	16.4614	11.8	130.9
794.0	20.332099999999997	28.874299999999998	12.7	104.8
795.0	20.3232	3.8981	14.9	121.8
797.0	20.313599999999997	16.2804	13.7	146.0
797.0	10.9822	22.3304	12.7	134.4
797.0	12.5416	15.956	11.1	123.3
798.0	14.2458	27.4782	15.9	124.3
798.0	16.7939	8.0	7.6	127.8
801.0	11.7349	14.6238	12.5	123.6
801.0	14.141	7.3661	11.4	142.6
801.0	11.6928	3.4359	8.8	121.6
801.0	18.160400000000003	28.1973	12.7	145.1
801.0	17.614099999999997	8.832799999999999	8.8	123.8
802.0	11.8309	9.2281	21.6	127.5
802.0	17.9939	28.241400000000002	13.1	140.7
802.0	17.31	24.9798	11.7	115.5
803.0	19.9324	26.4361	11.1	129.5
804.0	10.963799999999999	2.9757	15.1	125.7
804.0	11.7996	14.653	17.9	140.6
805.0	20.259	26.7761	9.0	120.6
806.0	26.7995	17.6827	26.8	120.6
807.0	1.9267999999999998	31.294400000000003	9.5	143.5
808.0	11.6797	3.4577	13.7	134.6
808.0	2.2528	31.1865	9.1	148.3
810.0	29.923599999999997	16.6496	12.1	131.0
810.0	2.4816	30.7898	7.7	143.7
811.0	1.4207	20.719900000000003	15.3	128.7
811.0	2.5225	30.7181	18.7	138.7
811.0	4.8868	22.6892	11.6	131.1
812.0	2.6681999999999997	30.123099999999997	9.1	152.8
813.0	20.0757	27.1997	15.3	120.3
813.0	2.5425999999999997	30.4448	10.7	126.7
814.0	2.4901	30.3637	10.3	133.5
816.0	27.0263	13.146600000000001	13.9	136.4
817.0	10.7341	14.7585	14.4	147.5
818.0	14.0446	25.7948	18.6	130.4
818.0	13.4616	9.1132	14.8	175.1
819.0	2.2258	16.703599999999998	10.2	143.7
819.0	22.5738	23.0149	11.3	119.6
821.0	11.7499	13.3602	15.4	118.8
822.0	10.8669	22.6653	15.0	110.5
822.0	21.3756	8.572	11.5	130.9
823.0	7.0482	31.6806	17.0	120.7
823.0	13.915799999999999	14.0383	13.5	135.4
823.0	21.955099999999998	4.530399999999999	12.1	101.5
823.0	11.4282	10.7769	12.9	160.6
824.0	21.966099999999997	4.505	11.4	117.5
825.0	9.3013	4.1137	9.0	141.8
826.0	9.100100000000001	4.089300000000001	11.2	158.3
827.0	25.315	16.444	14.1	141.1
828.0	9.2126	4.185899999999999	9.1	141.3
829.0	1.3817000000000002	18.209799999999998	13.7	135.3
830.0	4.1932	21.6185	9.3	127.6
832.0	13.3376	8.8758	13.6	127.3
833.0	22.6535	23.0556	20.0	97.9
834.0	28.6757	14.655100000000001	16.3	121.8
834.0	13.687299999999999	5.2409	14.6	129.6
837.0	1.7672	26.835	15.9	135.1
839.0	3.6906	16.8439	12.5	146.4
840.0	9.4729	20.9053	11.7	144.9
842.0	25.390900000000002	16.8175	9.5	152.2
844.0	9.6292	30.1661	11.5	116.2
845.0	27.0426	11.9758	16.5	143.5
845.0	14.028799999999999	6.9247	11.1	116.2
846.0	12.2486	20.9663	13.8	123.0
846.0	23.6165	7.167800000000001	9.6	112.1
847.0	5.0567	31.1203	19.1	149.9
847.0	25.363400000000002	16.6338	18.5	185.8
848.0	5.8209	29.777099999999997	12.5	124.7
848.0	5.0491	31.140700000000002	17.1	143.2
848.0	22.732400000000002	22.9365	11.8	127.8
849.0	23.016299999999998	22.6373	14.9	109.0
849.0	16.827	29.448900000000002	8.1	125.7
850.0	24.9627	19.6857	10.6	120.6
851.0	20.3053	11.915	11.8	131.2
851.0	21.007099999999998	15.9451	11.7	116.9
852.0	24.28	6.9716000000000005	24.3	179.1
853.0	26.1629	12.7066	24.0	119.9
855.0	7.5956	14.956100000000001	15.7	115.5
856.0	5.9233	24.0244	14.0	131.2
856.0	14.681899999999999	29.4678	13.9	120.3
857.0	17.875799999999998	13.016399999999999	25.5	101.8
857.0	7.645899999999999	24.8922	13.2	136.7
857.0	5.7522	8.9065	16.7	129.4
858.0	5.7528999999999995	8.8312	11.2	111.6
859.0	12.2786	8.417399999999999	24.7	148.4
860.0	9.842600000000001	6.774	13.1	139.1
862.0	12.5018	12.9049	15.8	103.3
863.0	13.44	9.2136	15.4	155.1
863.0	14.0767	14.6575	10.8	122.5
864.0	10.856200000000001	8.7574	11.0	128.5
866.0	22.6785	21.233400000000003	16.5	125.9
867.0	7.6262	25.8839	10.6	125.5
867.0	0.632	28.252200000000002	7.4	135.6
868.0	10.6432	13.6236	12.1	123.1
870.0	13.8454	14.132	10.0	125.9
871.0	13.4151	9.356200000000001	15.2	155.4
871.0	6.9353	16.4168	18.5	144.1
873.0	25.854400000000002	8.1665	17.2	114.0
876.0	9.0196	22.052400000000002	16.8	131.4
880.0	10.223	9.2646	9.5	120.1
881.0	22.2245	4.7465	13.6	129.3
881.0	1.6422999999999999	23.8323	14.3	121.0
881.0	11.1042	14.5326	13.1	135.1
882.0	10.631200000000002	13.6403	8.5	111.7
883.0	11.0792	14.5507	21.6	132.1
883.0	22.1278	4.7078	14.2	117.2
884.0	25.528299999999998	16.818	12.8	119.4
885.0	14.270100000000001	8.6024	14.3	171.6
885.0	14.4077	5.0756000000000006	11.8	121.0
886.0	8.725	23.5667	12.0	127.2
886.0	4.8733	16.3137	12.2	153.7
886.0	6.9208	19.6584	11.8	133.5
887.0	11.122399999999999	14.5344	18.5	111.2
888.0	13.6394	13.397	18.2	120.2
889.0	12.5504	13.6752	17.4	105.2
890.0	25.4878	16.7897	21.6	138.0
890.0	13.3643	13.829799999999999	16.9	116.4
890.0	20.2819	22.7506	9.6	128.8
891.0	20.282	29.092299999999998	17.4	127.4
891.0	25.2592	16.7546	18.3	158.8
891.0	5.3178	18.178900000000002	12.2	146.5
893.0	4.2415	31.1851	10.7	141.8
894.0	1.2239	31.6891	17.4	124.8
894.0	4.3808	31.022599999999997	13.2	136.7
894.0	3.7356	22.8995	14.2	147.6
895.0	5.5001999999999995	18.8934	16.9	123.4
895.0	3.6215	22.6348	13.8	135.9
895.0	12.616	13.6852	11.3	164.2
895.0	8.2307	24.2454	10.5	127.5
896.0	19.1876	21.491799999999998	16.1	111.3
896.0	1.1562999999999999	23.6558	14.5	155.9
898.0	12.828899999999999	14.164100000000001	17.1	135.7
898.0	11.337	15.327399999999999	15.1	111.9
898.0	10.0326	18.3451	17.6	110.3
899.0	25.4626	16.5665	13.9	167.3
899.0	11.4024	8.4594	13.4	117.9
899.0	22.077099999999998	25.835	16.3	118.5
900.0	17.0783	5.1129	8.6	138.2
901.0	11.317200000000001	13.4145	17.5	134.6
901.0	30.9067	16.547400000000003	10.3	140.1
903.0	16.734299999999998	4.3143	16.2	131.8
904.0	13.525	12.3288	24.0	155.0
904.0	6.1703	14.535200000000001	16.1	107.3
905.0	2.6527	17.5533	9.9	129.6
905.0	10.0558	18.328400000000002	9.4	112.1
906.0	13.4951	12.3941	14.3	136.6
907.0	21.6952	22.2484	34.9	138.1
910.0	4.1278999999999995	3.5347	12.0	118.0
910.0	15.6332	15.79	12.6	133.8
912.0	15.300600000000001	9.1694	14.2	178.0
913.0	2.9664	31.5608	17.8	136.9
915.0	11.7651	13.1244	18.9	114.4
915.0	15.1473	13.8074	10.1	124.9
916.0	14.1435	13.1195	17.8	109.3
918.0	13.2499	12.9801	17.4	83.2
919.0	13.228200000000001	12.986600000000001	14.3	117.3
922.0	0.36110000000000003	20.781299999999998	11.0	164.4
922.0	14.614600000000001	3.692	15.7	113.6
923.0	8.891399999999999	25.447599999999998	17.1	140.0
923.0	20.1405	23.5765	13.6	144.0
924.0	20.1549	23.605900000000002	13.5	135.8
924.0	2.4699	17.9864	9.1	124.7
925.0	25.3328	16.4773	13.6	152.5
926.0	17.4945	25.6606	12.9	129.3
927.0	30.415599999999998	12.2136	9.7	125.7
928.0	30.434900000000003	12.2243	10.3	137.0
929.0	18.4997	15.376100000000001	15.1	112.2
929.0	4.788399999999999	24.6148	8.5	114.9
930.0	7.055	20.516299999999998	15.3	109.4
930.0	17.8801	25.571099999999998	8.0	126.4
932.0	9.118	4.6857	13.1	139.4
932.0	31.454900000000002	9.475100000000001	12.0	162.4
935.0	13.0213	9.1972	13.2	110.5
938.0	11.3171	14.5387	9.4	130.9
939.0	22.7885	22.9665	26.6	146.5
941.0	20.2524	2.8738	10.1	133.6
941.0	18.434	2.9046999999999996	9.5	120.3
942.0	20.5254	2.8903000000000003	24.0	158.3
942.0	0.8593	20.8514	11.3	123.9
943.0	20.7213	2.8495	14.7	128.8
943.0	20.8034	29.1011	16.3	112.0
943.0	0.8056	21.0185	10.7	133.5
944.0	31.3831	12.5746	8.3	110.5
945.0	18.4049	2.8602	10.9	118.0
948.0	11.4858	13.9841	18.4	124.1
949.0	19.6341	25.894	21.2	111.1
949.0	23.716	6.893800000000001	13.6	106.2
949.0	25.0118	15.8545	8.2	130.4
950.0	14.2086	11.9197	14.2	134.9
950.0	12.2241	13.8772	7.3	129.8
951.0	22.762900000000002	22.9558	14.6	142.8
951.0	23.6444	9.9565	21.7	105.2
952.0	31.3767	12.6158	23.5	125.7
952.0	13.473700000000001	9.203299999999999	10.6	150.9
952.0	19.6259	27.872700000000002	10.5	105.3
953.0	19.6278	27.8966	13.1	111.7
954.0	16.931099999999997	9.921899999999999	15.5	129.2
954.0	19.8906	25.8317	12.5	114.8
954.0	6.8422	16.8492	14.2	130.5
954.0	19.644599999999997	27.887	10.1	117.6
955.0	6.832	16.8674	14.9	131.6
955.0	13.441799999999999	7.887899999999999	15.3	167.8
955.0	12.7341	27.705	11.4	114.6
955.0	19.6448	27.919	7.7	131.3
955.0	18.5379	10.9995	9.5	129.3
956.0	9.0271	25.285	13.6	122.3
956.0	6.8478	16.811700000000002	13.9	137.0
956.0	1.9716	7.6251999999999995	10.5	121.8
957.0	8.1914	16.524900000000002	14.9	116.2
957.0	5.2112	26.8305	10.7	145.7
957.0	17.1455	10.670200000000001	12.4	118.7
958.0	5.2437	26.9681	11.1	148.9
959.0	5.1726	26.853	10.8	148.4
960.0	10.7183	9.090399999999999	14.9	138.0
960.0	5.1101	26.739	12.4	141.7
960.0	4.6048	16.9976	9.0	133.1
960.0	16.4099	18.3277	8.2	133.6
960.0	17.4405	26.218400000000003	9.0	126.9
961.0	16.4016	17.970599999999997	20.3	167.9
961.0	4.6882	16.8691	11.8	121.9
961.0	10.3815	25.270400000000002	11.8	135.4
961.0	5.0616	26.831	8.9	133.0
963.0	20.234	27.2544	11.7	129.7
964.0	10.0384	18.3583	12.0	125.0
964.0	14.491700000000002	3.5862	12.0	133.3
965.0	9.998299999999999	18.2331	18.0	126.5
965.0	17.7314	26.1055	20.0	130.4
969.0	2.1726	5.160699999999999	14.0	108.8
969.0	11.760299999999999	11.7469	21.4	145.9
969.0	1.5919	7.172	9.5	129.0
970.0	2.1241	5.1993	11.7	121.1
970.0	20.2821	5.1626	14.5	159.4
971.0	2.1536	5.2127	11.3	116.1
971.0	22.656	22.5288	14.8	139.1
971.0	11.568100000000001	8.5805	12.5	119.1
972.0	10.3566	13.199200000000001	13.9	160.1
972.0	11.808399999999999	12.751100000000001	10.7	139.4
972.0	10.4845	14.0546	10.5	140.8
973.0	2.186	5.139600000000001	11.7	127.1
974.0	10.386	13.1967	14.4	173.2
974.0	2.1964	5.1149	10.7	114.8
975.0	11.6522	8.734200000000001	13.6	138.7
975.0	24.0338	6.5848	12.1	115.8
976.0	14.0033	6.7543999999999995	15.0	126.7
976.0	20.5063	6.0441	19.5	121.1
976.0	14.3836	3.5707	16.4	110.4
976.0	2.8483	14.8705	15.6	115.8
976.0	6.4938	16.9114	12.6	139.4
977.0	13.9915	6.7907	15.4	132.8
977.0	2.8729	14.8721	15.5	91.0
978.0	13.9755	6.8018	9.2	128.5
978.0	1.6565999999999999	26.121599999999997	9.7	135.3
979.0	12.242	8.502600000000001	14.5	122.6
980.0	18.9015	3.436	10.0	132.2
981.0	11.576	8.562899999999999	17.1	138.2
981.0	12.7501	10.347700000000001	12.0	162.3
981.0	24.3179	5.4746999999999995	17.4	139.3
986.0	10.929799999999998	13.7551	11.3	124.2
986.0	14.2642	7.6389	12.2	131.4
989.0	12.8719	8.934	7.8	127.3
990.0	12.1313	14.047600000000001	22.0	128.8
991.0	23.0069	19.886400000000002	7.7	146.1
992.0	11.2094	12.51	17.2	104.7
992.0	24.115099999999998	5.9738	14.6	145.7
993.0	10.770700000000001	10.3741	16.0	151.8
993.0	7.3226	3.7443	14.3	150.7
994.0	20.4493	11.6386	13.0	122.9
994.0	8.3034	15.1132	9.9	126.6
994.0	20.4277	28.0472	8.2	118.6
995.0	25.3558	16.4173	11.4	127.8
996.0	2.9036	21.1142	13.1	136.5
998.0	12.67	13.2054	25.2	151.1
998.0	10.0435	30.2263	17.0	158.3
998.0	19.0745	24.6346	13.8	129.6
999.0	12.3217	26.3021	27.5	92.0
999.0	18.8737	3.7641999999999998	15.2	116.5
999.0	9.8275	30.183	16.6	134.1
1000.0	18.9133	3.9837	9.7	139.0
1002.0	18.687	4.3581	9.5	128.6
1002.0	13.975100000000001	10.065	12.4	127.7
1003.0	18.683	4.3382	13.7	128.5
1004.0	24.7883	11.1219	12.2	143.6
1004.0	9.291799999999999	4.1066	16.1	152.1
1004.0	4.6053999999999995	22.5055	8.1	120.8
1004.0	14.138	10.524	10.7	138.4
1005.0	9.3152	4.2036999999999995	9.6	146.1
1006.0	12.4662	9.851299999999998	10.9	134.6
1009.0	2.5808	22.1393	15.0	148.8
1009.0	4.0899	19.488599999999998	11.7	130.2
1010.0	13.866299999999999	14.674100000000001	21.4	138.7
1011.0	22.7007	22.9482	10.2	130.6
1015.0	26.9955	18.4488	15.2	148.1
1017.0	13.1848	11.7331	15.1	123.0
1020.0	14.216899999999999	5.3888	12.3	126.7
1020.0	17.801	25.7822	7.7	113.6
1021.0	24.945	12.929200000000002	15.3	124.2
1021.0	10.8427	13.9119	22.5	102.4
1022.0	16.6799	27.0933	15.8	149.6
1023.0	11.3211	9.2537	18.7	117.0
1025.0	12.4065	9.7073	14.3	142.2
1025.0	8.102	24.197	8.7	132.5
1026.0	24.0898	11.7053	22.0	165.2
1026.0	7.009399999999999	31.638	18.4	114.0
1027.0	12.3628	8.319600000000001	14.2	174.3
1028.0	24.1585	14.1464	12.3	163.5
1028.0	3.9169	21.3987	11.6	126.2
1030.0	22.9113	21.6855	18.9	138.9
1030.0	22.5728	22.6038	16.3	154.4
1030.0	8.921700000000001	2.7416	9.0	148.8
1031.0	9.0432	2.958	11.2	160.0
1031.0	23.583599999999997	19.8948	13.0	139.2
1032.0	24.697	6.2094	13.2	116.9
1033.0	23.6023	19.9213	14.5	127.8
1034.0	24.7553	6.1778	17.1	164.5
1034.0	22.8942	9.9511	11.1	136.5
1034.0	10.3876	29.7772	11.9	123.2
1038.0	25.3364	16.7374	14.3	154.3
1039.0	6.767399999999999	24.380200000000002	15.4	127.7
1039.0	22.7565	22.9363	9.4	139.1
1042.0	2.7873	15.4833	9.8	115.9
1042.0	15.336200000000002	7.601	8.7	141.2
1043.0	18.2447	12.6428	20.7	97.7
1043.0	10.722100000000001	14.1637	15.8	123.3
1046.0	22.323400000000003	24.4035	13.7	123.4
1046.0	12.1302	14.9289	12.3	114.0
1046.0	5.5461	29.4271	12.6	112.8
1047.0	5.448300000000001	29.3774	11.3	122.0
1050.0	18.9086	21.4291	18.1	118.1
1050.0	9.617899999999999	30.1802	12.6	135.8
1052.0	18.9779	4.3635	16.8	85.8
1052.0	5.6894	20.8915	12.0	107.8
1053.0	10.9583	14.7594	14.0	167.5
1054.0	22.3094	24.3895	11.3	142.8
1058.0	23.2455	29.2186	10.5	108.6
1060.0	14.1476	12.1271	12.3	118.5
1062.0	2.5894	31.6873	12.5	126.3
1063.0	5.4398	14.0199	14.2	134.0
1064.0	7.812	28.5274	13.1	128.8
1064.0	22.79	22.610799999999998	16.3	182.9
1064.0	2.5896	31.4085	9.1	142.2
1065.0	26.973599999999998	12.8756	12.8	130.7
1066.0	30.4377	12.1909	14.4	123.7
1066.0	6.6475	12.992700000000001	10.9	126.7
1067.0	18.2513	12.344299999999999	19.3	112.3
1069.0	8.8013	18.592	16.9	126.0
1070.0	26.6869	11.2125	18.3	173.9
1070.0	8.7697	18.580299999999998	13.4	139.3
1071.0	22.752200000000002	22.9909	10.9	135.6
1072.0	15.2845	27.2757	11.2	126.5
1072.0	10.1474	17.115599999999997	8.9	127.4
1074.0	3.691	19.626	17.0	112.4
1074.0	22.7279	22.94	11.8	134.6
1074.0	15.516200000000001	27.253700000000002	8.5	130.9
1075.0	22.68	22.8603	9.6	131.6
1076.0	30.585900000000002	16.5641	10.6	126.2
1076.0	22.592	22.762700000000002	8.2	135.5
1077.0	1.7815999999999999	17.384900000000002	14.6	109.5
1077.0	22.6915	22.7432	13.0	147.1
1078.0	14.9147	24.9363	13.2	151.3
1079.0	11.446299999999999	16.2193	18.6	128.7
1079.0	20.3951	24.687099999999997	10.2	109.2
1079.0	22.6438	22.87	13.8	136.5
1080.0	13.4145	9.3765	16.7	140.3
1080.0	22.605700000000002	22.859599999999997	14.2	135.3
1081.0	2.5391999999999997	15.498	12.4	116.7
1083.0	30.4188	16.6827	10.4	105.8
1083.0	22.5751	22.720299999999998	9.2	112.9
1084.0	22.5882	22.4994	10.4	145.4
1084.0	20.9999	23.4584	16.6	128.5
1085.0	2.8872	20.687099999999997	14.3	113.3
1087.0	5.6342	17.305400000000002	13.2	146.8
1089.0	15.3826	7.3138000000000005	21.0	128.4
1090.0	0.4015	19.440900000000003	8.4	137.0
1091.0	29.0199	16.2878	16.6	133.1
1091.0	13.5475	9.2942	12.3	148.2
1092.0	10.159	25.537599999999998	7.5	126.9
1092.0	29.0796	16.1615	25.8	142.3
1094.0	6.8218000000000005	16.8347	8.6	144.7
1095.0	16.3265	12.6271	18.8	103.5
1095.0	21.828200000000002	21.3929	12.9	128.8
1096.0	12.5465	7.7802	17.9	117.5
1096.0	13.2041	13.0481	11.1	134.2
1096.0	21.8272	21.310200000000002	7.9	124.4
1097.0	11.551200000000001	10.429	20.9	152.2
1098.0	30.8027	16.3428	11.5	141.5
1099.0	22.771099999999997	23.4262	18.2	155.3
1099.0	23.2559	19.2348	26.2	128.3
1101.0	25.3042	16.6451	17.3	172.5
1101.0	8.112	18.5218	19.0	128.7
1102.0	20.5891	25.2396	24.3	99.2
1102.0	1.2734	21.917	8.7	116.8
1104.0	9.6176	6.5658	7.4	120.7
1104.0	18.3057	18.484099999999998	19.9	108.7
1104.0	21.9206	26.697599999999998	15.6	169.7
1104.0	12.0027	13.6868	9.5	120.7
1105.0	25.3187	16.4778	17.1	146.1
1106.0	26.3369	10.3106	14.0	131.3
1111.0	13.4849	9.2605	13.9	145.7
1114.0	13.57	9.2904	11.3	172.6
1117.0	11.7741	29.2432	12.7	146.7
1119.0	17.9161	6.2731	10.1	131.4
1121.0	23.679599999999997	24.415	18.1	102.5
1121.0	12.2842	13.758299999999998	13.3	106.1
1123.0	6.9601999999999995	31.7937	20.4	143.2
1124.0	6.052899999999999	30.7972	21.8	106.0
1125.0	22.4653	23.9315	8.3	124.2
1125.0	5.2427	20.6505	11.6	108.6
1126.0	9.8753	16.9874	12.5	144.7
1126.0	22.4757	23.8412	11.0	116.6
1127.0	15.8932	9.553700000000001	14.3	125.0
1129.0	17.7763	9.168899999999999	11.6	139.4
1129.0	7.8824	28.4651	8.0	123.0
1130.0	0.4029	19.1872	9.5	131.6
1131.0	13.2256	9.265	16.6	177.4
1131.0	30.6279	14.7156	26.6	185.5
1132.0	30.7802	16.3649	17.0	120.6
1134.0	0.6705	19.6782	9.1	142.0
1138.0	30.7761	16.3298	7.2	117.4
1139.0	22.7943	22.8865	25.8	160.6
1140.0	12.9135	14.6656	15.7	154.6
1141.0	30.7792	16.349	9.7	128.9
1141.0	20.1615	26.966099999999997	18.3	123.2
1141.0	12.899299999999998	14.6906	14.8	161.9
1143.0	30.7569	16.3589	15.3	144.0
1143.0	6.6375	20.0652	10.0	129.0
1145.0	20.1971	26.9494	10.9	140.7
1150.0	11.1503	27.101	13.0	125.4
1150.0	1.5592000000000001	7.1852	16.0	125.8
1152.0	0.8837999999999999	8.1634	10.2	125.0
1154.0	5.778	30.4555	12.2	122.3
1154.0	24.5869	10.594100000000001	15.9	111.8
1155.0	4.1808000000000005	21.898400000000002	11.5	113.1
1156.0	13.537799999999999	13.2041	13.2	139.1
1159.0	6.6509	30.005599999999998	9.6	120.7
1160.0	11.1884	3.062	11.2	121.3
1160.0	23.265900000000002	19.704	9.4	126.3
1161.0	14.8635	11.6891	17.8	165.5
1161.0	21.0865	12.2099	8.0	128.7
1162.0	14.91	11.735899999999999	19.7	128.7
1162.0	13.5592	13.1517	18.7	92.1
1162.0	12.8262	5.833	12.5	127.6
1165.0	1.5937999999999999	25.076900000000002	17.3	140.0
1165.0	21.4755	23.3055	15.7	131.5
1166.0	12.7309	5.9986999999999995	14.0	159.6
1166.0	22.4463	22.7323	24.4	110.1
1166.0	13.630799999999999	26.71	16.6	167.7
1169.0	13.6517	26.727400000000003	16.1	142.8
1173.0	21.892599999999998	5.791	10.9	139.5
1174.0	22.1675	5.8762	9.3	138.6
1179.0	12.4999	9.845	17.2	137.2
1180.0	15.511700000000001	9.112200000000001	15.8	132.7
1180.0	6.9906999999999995	27.859099999999998	14.9	108.7
1180.0	10.655100000000001	8.8288	8.5	130.7
1181.0	1.3069000000000002	23.9872	9.9	137.8
1182.0	10.5559	9.1217	10.8	144.3
1183.0	11.7425	14.9534	15.2	120.4
1184.0	7.0264	31.6103	7.2	126.7
1185.0	10.6014	9.095	11.4	139.9
1186.0	25.8986	21.1249	9.6	126.1
1188.0	13.5595	14.4863	18.9	161.1
1191.0	13.1558	13.046100000000001	11.6	120.8
1192.0	19.0119	11.3811	13.8	144.0
1201.0	11.030899999999999	11.158700000000001	17.6	163.5
1201.0	11.5241	19.3242	14.9	139.1
1204.0	21.985	7.595	13.0	184.0
1206.0	22.060200000000002	7.551	11.8	141.1
1207.0	13.095600000000001	25.8921	17.3	121.0
1208.0	5.8696	19.7033	13.6	141.6
1208.0	15.369399999999999	14.100299999999999	9.0	108.7
1211.0	7.3416999999999994	20.4692	16.7	124.5
1212.0	9.3001	21.6951	11.6	170.3
1212.0	20.3618	27.776799999999998	13.2	133.5
1215.0	5.7261999999999995	21.9561	18.3	177.8
1218.0	10.5944	13.554799999999998	12.6	122.4
1219.0	10.6126	13.5546	18.7	125.1
1220.0	8.931799999999999	4.686100000000001	10.8	119.2
1221.0	12.860899999999999	27.5905	8.2	136.4
1224.0	21.709400000000002	21.5845	18.8	123.4
1226.0	3.3636999999999997	22.1688	14.6	117.1
1227.0	23.9973	8.545399999999999	13.3	123.9
1229.0	24.1753	8.5242	10.7	142.2
1229.0	6.9527	21.7633	15.3	113.6
1229.0	14.3145	28.104599999999998	16.9	146.8
1230.0	22.913400000000003	10.4589	10.0	127.7
1232.0	12.184899999999999	9.7724	9.6	117.7
1233.0	21.5787	21.9467	19.2	109.7
1234.0	13.835	6.3923000000000005	11.3	129.0
1235.0	13.873	6.3971	15.2	123.4
1237.0	16.2869	22.3463	20.0	126.7
1237.0	11.4587	10.3585	18.4	133.4
1238.0	2.3891	16.977400000000003	20.6	103.5
1239.0	10.2209	9.978200000000001	9.0	113.6
1239.0	10.0939	11.882	15.2	138.0
1240.0	5.3723	20.6162	13.2	116.6
1242.0	24.4953	14.5748	9.6	132.1
1242.0	2.2099	19.0789	11.2	125.2
1242.0	13.4692	9.1682	13.4	165.3
1242.0	30.801599999999997	16.7484	14.0	130.0
1243.0	11.7585	14.9311	19.1	120.9
1243.0	18.787200000000002	25.404700000000002	13.9	145.8
1244.0	22.7495	20.056900000000002	16.7	130.8
1245.0	23.253	19.646	16.1	158.8
1247.0	9.0082	28.0657	17.9	124.0
1248.0	11.7271	14.9621	11.3	102.6
1248.0	9.052299999999999	28.028299999999998	9.6	151.6
1250.0	7.619	19.711	11.4	134.6
1250.0	9.2232	14.265799999999999	8.8	125.8
1252.0	16.96	9.9718	12.8	146.0
1254.0	16.924799999999998	9.6396	11.0	130.7
1256.0	7.989199999999999	19.558400000000002	13.8	121.0
1256.0	16.6869	30.4621	24.5	118.6
1259.0	26.248099999999997	9.869299999999999	13.2	123.9
1259.0	12.726899999999999	9.7534	13.9	140.9
1260.0	9.2395	14.269200000000001	16.5	118.9
1261.0	12.1605	12.6247	15.6	112.0
1262.0	17.6936	10.064	16.9	112.0
1263.0	14.8877	11.823799999999999	14.6	108.5
1263.0	11.7949	13.679	13.5	114.6
1265.0	9.3309	4.1682	9.3	127.6
1269.0	7.0428999999999995	20.1312	16.0	124.1
1269.0	29.1455	16.784299999999998	15.8	138.5
1270.0	6.9412	20.0906	14.4	124.5
1271.0	22.128	16.4655	14.6	139.9
1272.0	0.3192	20.8782	18.7	167.4
1278.0	4.4299	28.342	8.7	128.6
1279.0	6.8585	31.758200000000002	11.7	131.1
1279.0	20.284	28.4213	17.8	116.1
1280.0	24.2125	7.3834	18.9	146.4
1280.0	9.992899999999999	9.4773	17.1	171.5
1281.0	11.117899999999999	14.5138	13.2	156.5
1282.0	6.1592	31.107	10.6	134.8
1283.0	6.0051000000000005	30.7754	16.0	144.4
1286.0	16.6599	19.620900000000002	22.6	103.6
1289.0	12.9331	12.3234	11.4	149.8
1289.0	21.436400000000003	27.129099999999998	12.3	126.4
1290.0	25.4363	11.086	13.1	153.9
1291.0	25.4939	11.0819	15.0	133.4
1292.0	12.581	9.7175	8.8	131.8
1292.0	9.682799999999999	13.232899999999999	10.1	127.3
1293.0	25.2699	15.8484	11.8	121.5
1293.0	9.6718	13.3074	12.4	125.9
1295.0	25.456	11.2629	15.4	146.3
1295.0	11.960600000000001	8.8555	14.5	128.1
1296.0	25.3826	11.2303	14.7	138.5
1296.0	12.005700000000001	8.7477	10.0	126.0
1297.0	11.9229	8.735899999999999	11.2	128.1
1298.0	24.966900000000003	11.0736	11.5	151.6
1298.0	3.4034	4.9991	11.2	131.5
1299.0	9.202399999999999	4.1516	10.1	145.4
1299.0	10.8875	7.0181000000000004	10.7	120.1
1299.0	24.8571	11.21	13.7	161.9
1301.0	6.776	18.5141	13.9	153.6
1301.0	9.1684	4.0875	7.2	145.9
1301.0	30.7047	13.250399999999999	19.4	123.0
1301.0	24.7411	11.0317	21.1	186.7
1301.0	11.969100000000001	27.5383	13.4	133.7
1302.0	9.1684	4.1191	9.3	141.5
1302.0	22.6002	22.687	20.3	87.4
1303.0	25.4344	11.5372	18.6	139.5
1304.0	25.441599999999998	11.405	11.3	132.2
1304.0	4.6021	7.9106000000000005	16.6	110.4
1305.0	20.668200000000002	25.1515	12.9	103.2
1305.0	25.334799999999998	11.6576	13.1	143.6
1306.0	22.7011	22.7362	20.7	124.2
1306.0	25.0029	11.647	16.8	162.3
1308.0	24.6762	11.976899999999999	18.3	164.1
1310.0	24.855700000000002	11.9465	14.1	133.8
1311.0	7.794899999999999	19.541400000000003	11.7	144.0
1314.0	19.7747	12.8191	17.9	117.3
1322.0	16.285	5.8953999999999995	9.3	138.9
1326.0	1.6736	6.8736999999999995	14.3	125.9
1327.0	16.484900000000003	3.417	21.8	129.7
1327.0	1.6322999999999999	6.8678	14.0	130.1
1328.0	13.8745	13.7059	14.0	110.0
1330.0	10.689	13.6006	12.7	123.7
1335.0	16.4336	3.3583000000000003	12.8	126.2
1341.0	22.608700000000002	22.88	16.9	142.1
1345.0	4.1262	21.826400000000003	15.7	125.4
1345.0	17.4638	11.433200000000001	17.6	126.0
1349.0	21.832900000000002	26.509900000000002	21.3	114.8
1351.0	13.312700000000001	9.3043	12.8	176.6
1355.0	7.0355	18.6393	13.6	125.5
1356.0	8.452	25.2264	9.6	128.1
1356.0	9.315299999999999	19.580099999999998	11.7	145.4
1361.0	11.0743	14.164200000000001	12.8	138.7
1361.0	23.0506	22.8139	15.8	118.7
1362.0	14.077	8.479899999999999	11.4	147.6
1367.0	16.5351	9.8676	16.8	131.4
1369.0	16.2026	10.2	9.2	137.4
1370.0	14.184899999999999	13.756200000000002	23.9	177.0
1370.0	6.9554	28.303099999999997	9.9	131.1
1371.0	21.6256	20.5717	10.9	119.9
1373.0	1.7498	22.3476	12.2	123.2
1374.0	12.763200000000001	14.864600000000001	11.3	144.0
1377.0	10.603200000000001	11.838	15.1	118.9
1386.0	13.0095	12.4134	11.8	165.1
1387.0	5.4509	30.7061	8.3	126.0
1388.0	25.4315	26.418	17.4	112.0
1392.0	16.7781	10.7943	13.5	110.6
1393.0	6.5409	16.1178	15.9	125.5
1394.0	0.9452	21.023	10.8	127.2
1396.0	0.7567	21.2643	12.7	120.9
1398.0	20.1075	7.2801	17.0	142.5
1400.0	27.444599999999998	11.7146	14.6	143.8
1400.0	13.0498	9.2678	16.8	137.9
1401.0	12.560799999999999	15.3716	13.9	135.5
1401.0	19.6845	24.6535	8.1	123.9
1401.0	16.8083	10.8255	15.4	127.7
1402.0	25.3481	16.461599999999997	9.0	131.8
1406.0	10.0707	13.4389	9.0	141.4
1412.0	17.3248	8.4282	8.6	126.0
1415.0	31.1049	13.2432	15.6	112.9
1416.0	16.7807	10.7729	20.5	95.7
1417.0	28.1515	12.7475	9.5	142.3
1418.0	28.18	12.7515	10.1	138.7
1419.0	17.918200000000002	9.2631	12.1	131.0
1420.0	27.9479	12.6155	13.6	130.1
1421.0	10.9315	14.2697	10.4	141.1
1422.0	27.9716	12.678700000000001	10.5	137.3
1423.0	7.4284	11.6761	9.3	126.0
1423.0	27.848200000000002	12.7209	10.8	131.0
1426.0	6.5666	15.2215	17.5	124.2
1428.0	11.06	14.133	17.1	89.3
1429.0	8.8529	29.486	10.2	128.3
1435.0	10.789299999999999	11.632700000000002	13.1	130.9
1435.0	25.2193	16.5503	18.7	136.9
1436.0	8.88	29.5045	13.0	124.6
1439.0	2.5511999999999997	18.901799999999998	12.2	133.3
1440.0	7.443	31.4578	11.5	133.0
1440.0	2.3843	19.2535	16.6	155.8
1441.0	2.7034000000000002	19.3661	7.1	148.6
1442.0	2.6308000000000002	19.3672	14.1	158.4
1443.0	4.0668	27.2137	13.1	161.4
1445.0	12.0719	13.476700000000001	12.2	117.6
1445.0	23.7363	16.1131	13.6	129.5
1446.0	12.0808	13.4986	15.3	109.0
1447.0	21.076900000000002	15.544	8.9	128.1
1448.0	23.7574	16.11	12.2	153.4
1449.0	22.5062	22.5985	9.8	140.5
1451.0	13.0967	16.9075	10.0	129.7
1452.0	10.383	31.6109	13.0	142.8
1454.0	13.1409	5.7256	13.0	162.3
1455.0	7.1098	29.213	14.4	139.9
1455.0	13.3847	5.8291	10.9	134.4
1456.0	20.9599	23.148	23.5	142.0
1456.0	13.2164	5.849	12.8	128.7
1456.0	27.7803	10.492700000000001	14.4	119.7
1457.0	2.4574000000000003	16.4162	13.0	119.0
1462.0	10.2945	11.613100000000001	9.2	130.0
1463.0	11.697799999999999	13.4994	19.1	134.8
1464.0	13.5693	9.2415	17.2	170.7
1466.0	6.9708000000000006	31.6982	10.1	128.0
1473.0	10.2488	13.3188	15.1	110.7
1474.0	4.5826	21.28	9.3	130.1
1476.0	22.605900000000002	28.124299999999998	10.2	119.7
1477.0	22.550900000000002	28.1917	18.1	134.6
1477.0	20.1935	26.8935	12.2	121.0
1487.0	7.2147	19.306	16.4	150.4
1492.0	20.232400000000002	11.6924	18.5	112.7
1494.0	6.0987	30.6876	13.1	134.3
1495.0	5.832199999999999	31.078	20.3	121.8
1497.0	12.4162	5.3048	7.9	137.5
1500.0	8.1408	31.050900000000002	11.2	120.1
1500.0	15.636	11.101899999999999	10.0	137.4
1501.0	6.891100000000001	31.6018	15.5	167.9
1501.0	15.5176	11.1569	13.1	141.6
1503.0	20.482200000000002	28.368	8.8	124.8
1504.0	20.4994	28.4627	14.3	109.7
1509.0	15.5654	7.5524	10.2	145.2
1509.0	13.2385	12.9899	18.5	113.5
1509.0	19.9649	1.7859	17.8	113.7
1511.0	22.5495	23.0164	9.0	131.1
1511.0	13.2181	12.9574	16.4	137.5
1512.0	13.181899999999999	12.9352	21.3	131.4
1512.0	6.5325	20.8032	11.6	148.0
1513.0	21.0355	26.8005	16.2	127.0
1513.0	0.5296000000000001	20.1917	14.8	167.2
1514.0	19.8518	1.8094000000000001	14.9	135.8
1520.0	21.5035	28.495	16.1	118.0
1524.0	22.436400000000003	27.3285	10.9	111.8
1526.0	6.196899999999999	3.9533	11.5	132.8
1527.0	10.1496	11.829600000000001	11.5	129.0
1527.0	3.0176	3.5892	12.4	140.8
1529.0	21.3327	27.6422	15.8	151.6
1530.0	18.4845	26.9124	8.7	117.4
1531.0	18.4042	26.9485	9.5	141.6
1534.0	6.6094	15.2659	8.8	128.0
1534.0	12.796899999999999	8.7611	16.1	113.0
1535.0	6.5673	15.238100000000001	10.8	121.9
1535.0	12.853	13.812299999999999	16.6	127.1
1539.0	0.9192	22.346700000000002	9.7	128.4
1539.0	2.7134	17.748099999999997	13.1	127.9
1540.0	2.7056999999999998	17.728900000000003	9.8	117.8
1542.0	14.900799999999998	11.7446	19.1	104.3
1543.0	14.629100000000001	21.0946	13.3	119.5
1545.0	13.6692	29.588099999999997	20.0	90.1
1548.0	13.453700000000001	9.0686	17.0	161.5
1549.0	12.6044	27.0373	14.0	122.4
1550.0	2.8268	18.7365	10.4	134.3
1552.0	2.45	20.3213	10.6	131.4
1553.0	2.5503	19.896	9.1	119.4
1556.0	11.197700000000001	26.1312	9.9	136.4
1557.0	6.8537	16.9735	14.2	135.4
1560.0	9.8725	11.831	17.7	122.6
1560.0	31.2933	8.7859	13.6	126.9
1561.0	22.6917	22.762400000000003	14.9	125.4
1562.0	31.3377	9.0319	13.3	146.8
1563.0	31.393900000000002	9.1119	11.0	152.0
1563.0	12.2875	14.584299999999999	8.0	111.4
1564.0	16.793200000000002	28.358400000000003	17.9	126.9
1566.0	11.4244	6.5226999999999995	16.5	136.7
1570.0	16.777	28.3985	18.4	140.6
1575.0	16.7903	28.3819	7.2	130.6
1582.0	14.1135	10.5996	14.5	133.6
1583.0	7.9005	11.7111	17.0	109.5
1584.0	10.9839	14.9744	15.9	132.8
1586.0	14.5818	7.9568	14.9	129.6
1587.0	21.6586	28.9466	9.7	135.2
1589.0	8.0348	27.6178	13.5	131.0
1592.0	6.566	15.241	20.5	111.9
1593.0	13.0617	5.4851	9.3	125.2
1597.0	17.029799999999998	8.552700000000002	9.2	128.5
1601.0	3.0085	15.4828	14.9	126.9
1601.0	13.0033	13.081299999999999	25.9	100.4
1602.0	22.962400000000002	4.8008999999999995	18.5	121.0
1603.0	13.1346	13.171700000000001	11.4	124.5
1603.0	7.0542	31.6994	18.9	136.9
1604.0	7.0118	31.644099999999998	11.2	113.1
1607.0	22.969900000000003	4.8318	10.1	130.0
1607.0	10.260299999999999	24.1265	22.9	110.1
1609.0	22.3987	22.6683	13.9	134.2
1609.0	22.849400000000003	4.791399999999999	16.2	117.6
1610.0	5.5051000000000005	20.7856	16.3	121.3
1611.0	22.697	20.5202	13.1	139.4
1617.0	12.306799999999999	9.4809	7.8	120.4
1618.0	12.2625	9.5289	15.6	131.0
1618.0	12.3004	13.5741	12.9	99.4
1618.0	6.7042	16.971700000000002	13.3	120.0
1619.0	12.279	9.5183	11.3	135.0
1632.0	17.3274	16.313399999999998	21.5	169.0
1635.0	13.2519	9.6057	11.9	128.4
1636.0	13.2125	9.611600000000001	19.6	136.1
1637.0	12.749	10.779399999999999	16.2	146.8
1642.0	22.9269	11.796100000000001	7.4	124.5
1644.0	10.1265	23.2894	10.8	133.9
1657.0	27.406599999999997	10.062100000000001	12.2	128.1
1660.0	6.253100000000001	29.739099999999997	8.5	114.6
1663.0	19.190099999999997	18.063299999999998	15.6	135.1
1664.0	1.4909000000000001	7.0234	14.2	141.1
1666.0	10.243799999999998	29.3745	19.2	149.3
1669.0	10.424	13.572700000000001	16.6	130.1
1677.0	11.9961	14.4491	13.3	115.7
1677.0	26.852400000000003	12.9354	16.8	122.1
1677.0	19.1165	19.0032	16.3	125.2
1680.0	22.9232	23.035400000000003	14.3	108.4
1686.0	0.8946000000000001	21.443900000000003	14.7	106.5
1687.0	0.9632000000000001	21.5065	17.3	112.1
1688.0	13.9772	8.8697	16.0	150.9
1688.0	0.8151	21.4946	7.9	119.2
1689.0	0.7321	21.5358	14.6	128.1
1689.0	10.120700000000001	14.1547	16.2	143.9
1690.0	10.0803	14.1528	11.8	112.0
1690.0	0.7064	21.497	14.2	128.4
1691.0	3.2641999999999998	4.154100000000001	12.5	89.9
1691.0	0.6498999999999999	21.3413	13.1	114.6
1692.0	0.6631	21.2665	11.9	126.1
1693.0	3.2834	4.146199999999999	14.6	95.8
1694.0	3.2952	4.1823999999999995	10.8	112.2
1696.0	16.7931	4.2228	11.7	141.9
1698.0	7.4678	31.668200000000002	11.8	117.2
1698.0	3.2159	4.15	12.4	109.8
1701.0	5.4188	11.306899999999999	11.9	107.6
1703.0	3.2146	4.0936	16.1	119.4
1706.0	22.672	5.6669	7.1	125.3
1707.0	22.7219	5.6261	15.5	117.8
1712.0	1.3862999999999999	24.967599999999997	11.3	146.5
1714.0	3.3326	14.4572	9.7	120.2
1715.0	3.2823	14.2886	14.2	126.2
1715.0	25.642599999999998	8.0802	18.9	120.2
1716.0	25.689	7.972899999999999	18.4	130.3
1721.0	15.3453	9.3334	16.6	138.4
1723.0	20.426599999999997	11.5399	20.8	127.8
1724.0	12.704799999999999	6.0502	15.9	146.9
1726.0	23.971799999999998	8.9345	13.5	156.0
1735.0	17.7009	6.2972	22.5	150.7
1735.0	28.7253	12.9337	11.0	119.8
1736.0	15.0165	17.364	14.6	163.7
1736.0	17.6854	6.3465	11.4	127.2
1739.0	1.7123	18.9618	9.2	141.8
1740.0	10.719100000000001	12.5755	14.9	125.2
1741.0	20.105400000000003	23.4452	11.1	145.8
1742.0	16.7181	12.679	8.4	129.8
1750.0	13.62	13.266	21.1	116.7
1751.0	8.677100000000001	26.4606	11.2	126.1
1752.0	25.3798	16.6215	23.9	161.8
1754.0	13.728399999999999	14.3606	14.1	138.0
1760.0	16.9563	22.664099999999998	14.8	136.2
1772.0	25.994799999999998	12.8033	15.8	134.3
1774.0	7.5438	8.797799999999999	13.5	126.8
1778.0	20.2303	28.924	9.9	134.8
1789.0	6.7284	15.7071	12.5	103.6
1790.0	15.4188	13.851700000000001	11.1	120.8
1791.0	15.4378	13.8109	14.4	117.5
1800.0	22.4799	22.7583	8.2	135.6
1801.0	7.4079	19.4772	7.8	126.7
1801.0	5.5229	20.8666	13.8	119.1
1804.0	6.922899999999999	31.6583	16.4	144.2
1808.0	23.7718	9.2195	15.0	120.5
1810.0	3.039	2.1745	13.4	117.7
1810.0	6.568899999999999	14.361	13.2	133.1
1811.0	6.3744	14.4006	15.7	141.7
1811.0	20.5504	26.6037	16.7	133.0
1812.0	20.5507	26.904	13.9	153.8
1813.0	20.5578	26.989099999999997	16.1	148.9
1813.0	19.3974	4.7781	10.0	118.9
1815.0	19.3212	4.8276	14.4	125.7
1816.0	19.1675	4.6933	14.6	107.1
1819.0	11.9486	16.449900000000003	18.0	130.1
1819.0	10.8856	23.2672	15.6	104.4
1825.0	17.9298	16.5107	13.4	111.1
1831.0	5.788	21.7263	12.1	138.3
1833.0	5.3858999999999995	29.3387	12.8	104.7
1834.0	11.8817	13.299700000000001	19.4	112.9
1837.0	3.6527	18.3852	15.7	111.6
1838.0	22.324	20.0924	13.9	139.7
1839.0	15.5244	20.3143	12.2	158.3
1839.0	22.3341	19.9863	9.1	121.5
1840.0	15.2959	20.244799999999998	12.4	130.7
1847.0	13.3792	11.0576	12.9	151.7
1849.0	18.982400000000002	28.2359	12.5	147.4
1854.0	13.6413	14.4227	16.7	153.1
1860.0	13.220600000000001	5.973199999999999	16.3	130.1
1861.0	13.2806	6.037100000000001	13.6	125.3
1864.0	0.5467000000000001	30.1412	12.7	137.9
1869.0	22.07	22.2774	14.8	149.3
1872.0	21.9204	22.218400000000003	11.3	133.7
1874.0	9.023	11.8119	15.1	142.7
1874.0	27.5362	16.7486	13.7	114.5
1880.0	22.8272	23.049799999999998	10.8	111.7
1884.0	5.8403	19.842	10.1	137.2
1896.0	23.299599999999998	5.7969	11.6	113.4
1897.0	29.738799999999998	13.8047	16.7	124.5
1899.0	1.8648	24.6049	9.2	133.4
1900.0	1.8922999999999999	24.426099999999998	10.8	133.7
1910.0	13.645299999999999	6.1646	12.4	161.1
1911.0	22.556900000000002	22.6014	9.2	131.9
1919.0	12.6646	13.2207	12.2	108.9
1920.0	12.681	13.232299999999999	9.4	124.2
1922.0	3.4760999999999997	23.9295	14.0	142.2
1924.0	3.6161	24.2012	11.3	128.4
1925.0	6.9597	19.0555	14.2	123.5
1928.0	13.126299999999999	13.6065	13.2	155.8
1933.0	12.8971	26.0173	11.8	146.4
1936.0	1.0542	29.7602	13.4	120.1
1938.0	20.3332	25.435599999999997	15.5	177.2
1941.0	10.3282	6.9837	9.4	117.3
1942.0	10.1526	6.9764	23.7	187.4
1945.0	23.217200000000002	9.8264	11.4	128.0
1951.0	22.5222	14.289399999999999	14.8	111.7
1952.0	17.6859	10.0166	15.0	135.4
1952.0	2.3746	26.954	14.4	163.1
1954.0	2.4172	26.649900000000002	13.8	145.6
1955.0	11.9955	13.394200000000001	14.2	126.7
1956.0	22.009900000000002	4.3611	10.6	131.1
1958.0	7.9623	5.0306999999999995	12.2	123.3
1960.0	7.7946	5.1217	11.9	122.3
1961.0	7.781	5.1021	15.2	102.3
1965.0	16.011200000000002	9.8553	10.2	118.9
1970.0	2.975	28.2126	8.0	154.4
1978.0	12.1951	14.6127	11.6	132.5
1990.0	0.4905	20.7505	14.0	164.1
1999.0	16.034200000000002	5.3327	11.9	169.3
2006.0	12.520100000000001	8.6153	14.0	120.5
2011.0	11.745	14.1842	9.9	130.1
2028.0	2.2555	16.8406	10.5	124.5
2028.0	14.9599	9.8946	13.3	115.6
2035.0	23.2784	9.8464	18.6	117.8
2044.0	6.965	31.7766	13.8	115.0
2059.0	12.491200000000001	9.220799999999999	13.1	120.1
2063.0	13.3126	14.4145	23.2	169.1
2070.0	7.097300000000001	25.8223	12.2	121.7
2083.0	6.2083	30.0751	9.4	126.7
2085.0	2.8886	13.149899999999999	14.9	139.0
2088.0	18.2352	24.7777	8.2	131.9
2095.0	23.1373	17.902099999999997	18.0	137.8
2098.0	18.3732	9.063799999999999	11.8	146.9
2099.0	23.238599999999998	17.871	10.5	133.7
2100.0	23.2141	17.8893	8.9	117.1
2101.0	23.023400000000002	17.9731	11.9	123.9
2107.0	12.9176	14.4035	18.2	130.2
2122.0	13.328100000000001	9.1136	12.3	132.9
2128.0	11.1199	14.8813	11.7	160.5
2130.0	12.4164	14.8007	13.4	125.8
2131.0	1.6581	4.7634	14.7	121.3
2138.0	12.822799999999999	9.6449	9.2	154.3
2143.0	3.8101	4.133100000000001	16.0	148.1
2145.0	13.4312	13.0095	9.4	119.6
2151.0	12.0695	13.2285	21.1	149.5
2153.0	12.047799999999999	13.222700000000001	11.9	100.6
2157.0	12.138	15.1776	20.7	107.3
2167.0	17.311	29.6665	12.8	124.7
2169.0	10.366100000000001	11.7772	17.8	121.1
2173.0	27.8703	17.141299999999998	17.2	112.3
2196.0	0.5021	18.9463	11.0	122.2
2196.0	0.7096	24.2458	15.6	139.3
2199.0	3.8567	20.4741	11.5	129.9
2201.0	7.3505	27.476	21.5	141.7
2202.0	18.824099999999998	7.4543	11.7	141.5
2203.0	7.606	27.4146	11.4	132.4
2206.0	11.9714	8.3657	18.1	135.1
2212.0	6.3439	29.275	13.4	131.8
2212.0	14.257100000000001	15.4389	14.3	138.9
2213.0	12.1878	13.311399999999999	16.0	116.7
2214.0	13.1096	10.8619	14.7	150.5
2215.0	14.324	15.548399999999999	23.1	103.4
2217.0	26.7061	14.847100000000001	27.6	125.9
2220.0	6.9414	31.631400000000003	10.5	132.8
2221.0	6.9338999999999995	31.615	8.4	127.4
2225.0	17.2762	24.7219	17.1	166.0
2226.0	17.397299999999998	5.4533000000000005	12.4	123.3
2226.0	16.269299999999998	5.218100000000001	8.4	129.4
2227.0	17.396900000000002	24.3324	9.0	127.9
2231.0	14.8636	30.910400000000003	9.0	130.5
2231.0	6.884600000000001	31.8564	10.8	128.8
2238.0	24.098	13.8755	13.1	144.9
2241.0	12.178	13.3185	13.0	130.3
2244.0	12.8721	9.598799999999999	15.4	151.0
2249.0	13.0039	17.738400000000002	7.1	122.6
2250.0	3.7225	17.935	13.3	134.5
2259.0	25.6301	11.003	14.5	131.4
2261.0	3.0984000000000003	5.8823	15.7	137.9
2261.0	6.0646	27.819599999999998	19.4	125.9
2262.0	6.000100000000001	28.1337	14.3	149.7
2262.0	5.2065	10.9786	14.7	117.7
2264.0	9.142	12.4658	9.9	153.0
2265.0	9.032	12.3979	16.5	123.9
2266.0	4.819100000000001	17.7272	16.4	127.0
2267.0	6.9655	31.6815	13.4	116.8
2267.0	11.8542	14.9765	16.1	137.5
2267.0	5.5133	22.5592	9.9	114.6
2268.0	13.6096	12.257200000000001	18.0	175.0
2268.0	6.940600000000001	31.666900000000002	12.9	110.2
2269.0	6.7983	31.7634	17.2	141.0
2270.0	12.1071	24.499299999999998	11.5	139.1
2271.0	27.759	9.42	10.3	143.3
2272.0	11.6106	11.9926	10.5	127.9
2272.0	19.2062	5.1591000000000005	8.1	127.5
2276.0	20.934900000000003	26.663400000000003	15.2	122.1
2277.0	14.8716	12.7563	11.4	131.7
2277.0	16.0064	3.7765	10.2	116.6
2279.0	20.9638	25.3722	8.4	120.9
2281.0	23.3081	6.8963	17.0	117.5
2282.0	10.174700000000001	7.0599	15.3	124.9
2282.0	0.4119	19.0541	16.1	162.9
2282.0	12.4451	31.195400000000003	12.1	123.3
2283.0	0.5694	19.0272	17.2	150.5
2284.0	0.7605	19.0738	14.0	180.2
2284.0	12.7531	23.7628	10.1	112.0
2308.0	2.6863	17.4406	8.1	109.7
2309.0	0.7539	20.749299999999998	11.0	136.0
2312.0	20.0433	23.5538	19.9	130.0
2312.0	7.1667	15.1124	17.7	117.7
2319.0	20.9865	16.9286	13.8	158.0
2320.0	12.8645	13.8199	11.9	139.0
2321.0	22.849400000000003	23.006700000000002	9.0	128.3
2322.0	22.84	23.0813	14.8	121.2
2331.0	15.552	29.8484	7.1	122.0
2336.0	21.8191	25.553099999999997	22.2	113.2
2340.0	21.619400000000002	24.0334	11.3	132.6
2341.0	3.1157	15.4118	8.6	117.0
2341.0	13.0925	5.987	18.3	131.0
2342.0	28.1583	16.5338	8.5	124.5
2343.0	2.8493000000000004	14.8653	16.0	163.4
2345.0	2.4511999999999996	14.9788	7.1	126.6
2345.0	2.2407	22.354	9.6	119.3
2346.0	2.505	14.9796	8.6	126.1
2350.0	25.2737	16.484299999999998	14.2	155.5
2352.0	17.6768	4.7538	10.5	119.7
2355.0	12.201	9.8055	10.6	132.3
2356.0	17.8349	14.770100000000001	15.1	132.1
2356.0	12.153	9.8589	12.1	127.1
2359.0	25.4488	8.609200000000001	17.4	137.8
2361.0	28.5628	13.8716	12.5	140.5
2365.0	6.570399999999999	31.3549	8.0	121.5
2367.0	19.0955	17.596	22.8	105.3
2367.0	17.4183	6.8198	9.1	110.8
2368.0	19.106099999999998	17.6118	7.1	116.4
2371.0	14.3091	12.9707	18.3	159.4
2375.0	25.2331	17.1405	13.0	105.5
2375.0	14.784	7.423100000000001	13.1	155.5
2376.0	25.2557	17.189	14.9	107.3
2377.0	2.0716	18.4195	14.8	129.3
2378.0	30.618	14.8744	20.3	149.8
2382.0	25.259700000000002	17.1672	16.7	102.5
2384.0	2.5893	17.6876	16.8	128.7
2387.0	25.295900000000003	17.183400000000002	16.5	130.0
2391.0	22.7265	21.3413	16.9	128.0
2399.0	5.2571	9.982899999999999	11.6	109.5
2400.0	5.286	9.9841	8.5	113.2
2405.0	14.4948	4.4226	12.3	118.6
2410.0	30.004099999999998	10.822700000000001	18.6	112.8
2410.0	20.366	5.146100000000001	17.3	133.1
2413.0	17.1017	3.4458	13.6	128.7
2421.0	13.1085	4.5613	8.1	124.5
2422.0	11.5269	16.5038	21.6	117.2
2422.0	29.6492	16.7377	15.1	120.7
2427.0	21.1498	22.6579	11.3	134.8
2428.0	21.1398	22.6769	8.2	124.1
2436.0	3.8429	3.8552	11.2	133.6
2439.0	28.0005	15.5709	20.0	123.4
2445.0	16.1678	15.4845	11.5	123.6
2447.0	12.1351	16.7472	18.2	120.6
2450.0	17.059900000000003	8.7593	10.4	117.1
2451.0	15.0501	4.0251	12.6	128.3
2451.0	15.7374	9.892	9.9	121.5
2457.0	7.9394	11.4162	16.9	133.8
2460.0	15.3686	10.366700000000002	11.4	107.3
2467.0	16.2807	9.226899999999999	10.8	118.5
2468.0	5.056100000000001	15.2433	9.0	118.0
2472.0	9.075700000000001	4.084	15.0	175.8
2476.0	5.0683	7.3935	14.7	94.3
2481.0	12.3803	13.0075	11.1	121.3
2488.0	22.1512	30.3391	32.7	92.4
2490.0	11.869299999999999	14.652700000000001	21.0	132.4
2491.0	1.4779	7.0116000000000005	9.5	125.9
2492.0	14.203299999999999	13.5747	17.3	127.8
2498.0	11.890799999999999	12.651299999999999	8.7	124.5
2500.0	28.2692	14.877	13.5	133.8
2501.0	17.2375	11.187	14.9	117.0
2501.0	24.863799999999998	17.264599999999998	13.7	122.9
2513.0	16.0807	13.2742	12.2	132.9
2513.0	12.8726	9.604899999999999	15.4	133.2
2516.0	3.6099	18.6083	7.7	130.4
2519.0	1.1199000000000001	19.416700000000002	14.4	119.3
2520.0	8.0282	26.966	12.6	132.7
2522.0	11.8645	15.038200000000002	20.0	132.1
2530.0	4.1112	16.672099999999997	10.1	121.6
2531.0	2.9864	3.8759	13.7	114.0
2538.0	13.6011	9.2806	13.5	133.3
2539.0	13.514700000000001	9.2275	7.2	130.6
2540.0	13.5395	9.260399999999999	11.8	136.5
2543.0	17.2171	11.1936	7.8	125.9
2546.0	20.1534	27.2063	8.5	130.7
2550.0	13.3913	9.150799999999998	11.7	138.6
2551.0	19.594900000000003	7.8985	14.7	144.0
2559.0	3.2950999999999997	2.1632	14.0	143.0
2564.0	10.879299999999999	14.9926	15.2	141.4
2565.0	11.3638	8.802100000000001	11.5	119.1
2566.0	25.8447	18.9848	13.1	133.1
2567.0	25.843799999999998	18.964299999999998	14.5	133.2
2574.0	6.928100000000001	31.8217	7.4	126.5
2577.0	6.687399999999999	22.1075	16.3	127.0
2580.0	13.5085	14.4904	11.5	150.4
2582.0	24.9345	14.5293	14.4	133.0
2585.0	19.609	6.7003	11.1	124.0
2586.0	12.543299999999999	14.8877	11.2	132.0
2588.0	22.7243	22.824900000000003	20.1	146.5
2599.0	13.1144	26.0992	27.5	144.8
2599.0	21.5856	7.6771	9.0	130.1
2602.0	5.847300000000001	18.077099999999998	14.2	125.6
2603.0	6.3452	20.0424	13.7	128.4
2609.0	6.1964	4.0294	12.9	154.1
2610.0	6.1138	30.6623	19.7	98.9
2610.0	2.5	18.0589	15.4	120.7
2612.0	12.0429	16.5567	21.4	92.5
2638.0	7.9102	11.565100000000001	11.5	124.2
2651.0	21.473	23.6873	10.4	115.4
2655.0	12.9936	15.6405	13.2	121.0
2666.0	6.4196	15.977	18.7	128.4
2667.0	18.988599999999998	28.7987	16.4	107.3
2674.0	12.5112	13.3753	8.8	125.9
2676.0	11.7776	13.084100000000001	12.9	121.8
2682.0	14.1935	17.5072	11.7	144.3
2699.0	14.531799999999999	13.7255	20.4	144.8
2701.0	17.389	7.408	11.4	146.4
2703.0	20.2946	11.493	9.4	121.6
2707.0	9.4155	14.7454	16.9	130.4
2710.0	28.2389	9.171100000000001	9.1	140.6
2719.0	11.964799999999999	25.5058	12.1	130.5
2725.0	4.5062	28.1953	10.8	129.0
2728.0	12.6601	12.8814	8.5	122.9
2730.0	1.3748	18.423599999999997	10.1	130.6
2735.0	2.488	17.8884	12.0	116.6
2747.0	5.474600000000001	22.275299999999998	12.3	116.1
2749.0	25.569599999999998	11.307	16.9	101.7
2755.0	6.6242	28.5903	14.9	132.4
2765.0	11.2874	2.8814	8.9	128.1
2782.0	10.877799999999999	18.7159	8.9	118.8
2797.0	11.1799	12.2044	10.0	120.2
2798.0	2.7336	7.2257	14.6	116.7
2806.0	6.3496999999999995	21.7008	9.3	144.7
2808.0	18.9567	21.3075	20.7	99.2
2812.0	6.103	21.955599999999997	16.9	98.0
2827.0	19.203799999999998	15.5319	9.7	120.9
2853.0	20.3722	28.3171	9.0	117.6
2877.0	13.5504	12.7249	16.8	139.6
2905.0	13.4131	9.444799999999999	8.5	138.4
2909.0	0.4809	2.6279	10.4	118.6
2910.0	0.463	2.7225	10.5	128.7
2919.0	14.266	31.7773	11.6	142.1
2920.0	9.4952	26.2263	8.6	132.7
2929.0	7.1174	20.4328	8.8	127.8
2933.0	4.0845	20.7538	11.4	110.4
2936.0	11.3794	11.304200000000002	11.4	117.5
2937.0	3.1130999999999998	23.6062	8.5	131.7
2941.0	24.7366	7.0276000000000005	14.6	127.6
2950.0	2.498	19.1948	7.5	125.3
2979.0	8.0129	28.8238	9.8	116.3
2982.0	15.5456	28.2215	22.6	143.2
2986.0	14.427700000000002	27.095299999999998	17.9	115.3
2991.0	4.0527	22.8473	10.2	122.2
3019.0	1.1532	21.737599999999997	15.7	139.2
3020.0	17.552	12.0793	17.1	145.0
3023.0	7.784800000000001	19.3659	12.4	124.3
3026.0	13.341899999999999	13.1935	17.8	122.5
3035.0	2.7543	4.956	11.9	114.1
3040.0	3.0708	15.159600000000001	16.5	112.6
3040.0	2.4052	5.1058	8.6	131.9
3041.0	3.0389	15.0701	13.7	129.8
3041.0	2.3763	5.1915	10.8	137.2
3042.0	2.3705	5.0796	11.4	129.1
3042.0	12.1591	10.1311	13.5	121.7
3059.0	17.877299999999998	5.7791999999999994	16.4	98.2
3063.0	26.5873	11.6183	17.2	121.8
3070.0	13.241299999999999	11.937299999999999	12.5	124.4
3081.0	9.3416	12.1182	17.0	104.0
3096.0	6.6555	8.530299999999999	13.0	108.3
3096.0	8.85	9.968399999999999	9.4	116.7
3099.0	18.5529	3.7695	17.1	113.4
3107.0	21.7677	11.983600000000001	18.5	153.0
3114.0	6.2896	23.8795	12.8	120.0
3129.0	15.2281	11.6866	9.1	124.4
3139.0	11.1878	8.8321	15.0	124.5
3140.0	17.831400000000002	6.902	14.0	157.8
3143.0	6.3181	19.1077	16.1	143.4
3149.0	19.0463	3.3507	17.0	119.3
3161.0	1.1929	5.815	13.7	109.1
3174.0	0.856	6.1211	16.0	117.8
3175.0	0.8382000000000001	6.144399999999999	8.7	133.1
3176.0	0.8291000000000001	6.0696	14.0	152.3
3186.0	26.4	14.9413	12.2	134.8
3196.0	3.35	4.6197	14.9	118.7
3197.0	26.7166	13.5133	8.4	124.3
3203.0	3.4103000000000003	4.6259	9.9	118.6
3206.0	3.3969	4.6006	12.7	122.8
3207.0	3.3882	4.630199999999999	13.1	112.7
3222.0	23.298099999999998	20.1137	9.5	118.1
3232.0	3.1847	15.5561	11.3	102.7
3250.0	17.008200000000002	16.0577	9.9	129.6
3259.0	11.2302	7.5149	11.8	152.8
3263.0	6.6137	16.9588	12.8	133.8
3264.0	7.351	2.2913	9.9	127.9
3265.0	7.3677	2.2196	11.0	128.1
3279.0	24.6511	13.657399999999999	10.8	120.4
3280.0	17.1513	4.4023	8.2	142.3
3292.0	18.403200000000002	8.871	14.6	157.2
3294.0	6.0827	16.208	10.7	142.7
3295.0	6.189100000000001	16.1301	11.6	119.8
3312.0	16.7405	12.6515	14.6	119.1
3321.0	8.3788	14.4975	7.4	117.5
3322.0	8.376299999999999	14.5466	9.4	118.9
3326.0	13.4965	3.7222	15.3	128.0
3343.0	13.4585	3.7113	13.0	110.7
3351.0	0.5353	1.5947	12.7	104.5
3366.0	21.5813	22.1603	13.7	126.2
80.0	14.1865	8.875	9.5	122.2
182.0	14.971	11.7382	7.5	113.4
223.0	3.5465	20.2855	8.5	131.1
252.0	30.461299999999998	12.1935	8.4	110.3
299.0	12.0386	14.0579	10.0	126.9
311.0	12.072	14.0892	8.6	120.0
386.0	21.7243	21.7904	7.8	120.8
434.0	12.2746	30.525	7.3	131.9
476.0	6.5102	23.3511	10.0	129.5
484.0	29.679	16.200200000000002	11.9	148.1
514.0	22.6118	20.7412	7.3	111.7
533.0	3.8578	2.8735999999999997	9.8	138.6
551.0	9.9611	7.4625	7.1	120.2
696.0	6.253	4.068	7.4	134.7
701.0	9.171100000000001	12.9252	7.1	127.3
886.0	25.503700000000002	16.8082	9.2	138.2
1048.0	5.5535	20.801299999999998	10.5	122.2
1176.0	19.2153	25.5203	7.6	112.2
1203.0	26.8261	11.372	7.6	115.2
1249.0	11.7476	14.9828	10.3	129.0
1298.0	3.5528000000000004	17.212400000000002	8.0	136.8
1342.0	23.6565	10.717799999999999	7.3	113.7
2364.0	9.1229	23.7037	7.6	129.1
2455.0	6.0558000000000005	30.1676	7.9	107.7
2459.0	6.0432	30.1858	7.5	116.8
2514.0	17.2282	11.185	10.2	116.9
2601.0	5.8555	18.0563	7.7	123.6
2680.0	6.7035	16.9692	7.8	119.6
2849.0	2.3605	8.6889	7.3	116.6
3088.0	8.871	9.9625	8.7	121.9
3145.0	13.8184	10.266	7.6	108.0
3220.0	2.6892	17.9028	8.1	116.3
