Frame	pos_x/um	pos_y/um	precision/nm	PSF/nm
80.0	11.7392	13.2987	13.7	126.5
81.0	4.3965	11.7491	14.6	113.9
81.0	24.2849	6.9074	13.1	119.9
82.0	26.659299999999998	14.1385	14.4	110.5
82.0	3.8879	7.3312	7.5	118.3
82.0	2.3601	2.7497	8.5	124.1
83.0	3.7419000000000002	7.3373	8.4	102.0
84.0	24.8558	20.956599999999998	18.9	144.2
84.0	30.5929	12.8939	15.6	130.9
84.0	3.6495	7.4982	10.6	122.2
85.0	15.813600000000001	9.141	11.8	143.1
86.0	20.9715	3.6293	12.3	118.5
86.0	0.7927000000000001	4.7061	7.5	116.8
88.0	0.49760000000000004	4.706300000000001	8.8	120.8
89.0	28.044	17.1598	10.3	147.4
90.0	28.0838	16.9758	16.4	129.2
90.0	1.5826	0.6698999999999999	8.1	107.6
91.0	14.5456	20.7084	19.4	111.5
92.0	2.5841999999999996	2.6016999999999997	9.8	125.0
94.0	12.9999	13.2229	39.8	147.3
94.0	25.159	21.7219	10.9	111.3
96.0	30.3266	12.694799999999999	22.6	138.6
96.0	0.38539999999999996	4.8137	9.5	106.8
97.0	12.9404	12.8557	7.1	114.0
98.0	28.336299999999998	27.4071	10.3	131.3
102.0	12.534799999999999	10.2485	29.7	177.3
102.0	20.4045	16.9853	15.8	106.0
103.0	20.387400000000003	21.7558	16.9	106.0
107.0	12.1697	13.0866	24.6	121.3
107.0	12.1113	14.0253	15.4	121.1
109.0	13.8204	13.0406	21.5	120.8
110.0	11.222100000000001	13.2187	8.9	100.3
111.0	21.622700000000002	24.866400000000002	24.5	158.1
115.0	13.129	12.0922	11.8	108.1
117.0	18.1451	26.274	12.2	100.4
121.0	23.3993	19.105	13.3	135.7
122.0	19.707900000000002	12.0358	21.5	139.4
123.0	31.705299999999998	16.394299999999998	10.2	112.9
127.0	21.9881	30.155099999999997	22.6	170.7
127.0	28.7881	2.2235	7.2	107.4
132.0	22.4407	17.3382	15.2	111.5
133.0	11.6854	13.6895	11.1	92.1
134.0	10.0276	14.1241	9.4	95.4
136.0	31.3454	13.9215	10.2	127.1
141.0	10.548399999999999	17.8783	14.1	116.5
142.0	6.8965	19.476599999999998	10.5	95.3
143.0	11.9413	15.2771	16.1	110.9
147.0	4.9289	0.8864	12.3	119.2
148.0	11.825700000000001	31.0563	10.4	112.0
149.0	11.5827	15.4945	25.3	128.9
151.0	10.2616	18.3071	15.4	121.2
151.0	9.484200000000001	17.9013	12.3	120.5
152.0	9.7898	17.821900000000003	13.9	123.9
155.0	7.5458	16.8006	8.4	111.5
159.0	6.6616	15.659600000000001	12.4	97.6
161.0	14.637799999999999	19.4013	14.8	112.2
163.0	23.4035	7.5778	8.2	106.2
164.0	13.9196	31.2858	10.7	108.3
170.0	21.8365	28.7762	11.2	122.2
178.0	25.8631	10.9683	18.4	151.1
182.0	5.1568000000000005	22.012700000000002	13.9	125.8
190.0	1.492	7.2119	18.7	138.3
190.0	15.278	18.0682	16.4	108.4
191.0	15.819700000000001	20.7378	13.6	125.2
191.0	29.2145	18.3354	11.5	110.4
193.0	22.1215	4.5352	13.2	107.5
200.0	16.1483	10.5771	13.2	113.7
201.0	30.1056	15.241700000000002	10.8	96.9
203.0	11.1669	14.1616	14.8	103.1
206.0	27.7992	20.853099999999998	12.4	107.4
209.0	11.4203	14.5065	28.0	144.7
215.0	12.1309	12.767700000000001	11.7	103.1
216.0	12.460700000000001	11.7337	23.5	136.9
216.0	4.3919	24.552400000000002	11.6	127.8
219.0	21.4986	13.818200000000001	16.2	119.6
222.0	26.4452	28.4448	8.3	107.9
222.0	11.3001	14.1074	21.1	162.5
229.0	20.174	11.9091	14.5	140.8
230.0	20.3305	11.9905	8.7	129.0
230.0	15.0997	7.587899999999999	8.9	108.0
238.0	12.9443	13.0045	23.0	130.6
240.0	21.1801	24.6859	10.5	109.8
242.0	12.026399999999999	9.8258	17.3	109.3
248.0	10.052	16.0274	18.1	125.8
251.0	0.4531	29.5162	14.6	174.0
251.0	31.6063	16.0685	7.8	125.4
259.0	3.5231999999999997	14.8976	9.3	121.3
265.0	10.582	13.8695	19.2	130.6
266.0	10.710899999999999	13.8005	11.1	115.0
273.0	4.5947	10.3265	19.0	145.0
274.0	4.7867	10.6151	13.2	126.3
275.0	18.1703	15.601600000000001	10.5	122.6
289.0	6.0248	9.003200000000001	16.1	162.4
289.0	14.27	11.5601	14.6	102.7
297.0	22.4797	4.8039	17.2	140.3
300.0	22.1124	28.9099	15.6	131.6
307.0	30.9252	18.0158	13.5	126.6
307.0	14.225299999999999	14.0395	12.6	115.0
307.0	12.075	15.1258	8.3	125.9
310.0	12.7234	27.5661	20.3	128.0
316.0	11.803600000000001	6.4772	8.7	106.7
318.0	30.6552	16.8691	15.8	142.9
336.0	9.476899999999999	22.358700000000002	13.2	124.1
365.0	5.1611	22.009400000000003	10.9	107.7
381.0	13.0373	13.585	23.9	139.6
385.0	13.838700000000001	26.2257	11.4	140.9
385.0	21.375700000000002	21.4952	8.4	99.3
388.0	22.8137	17.931	25.5	169.3
388.0	14.834200000000001	7.051	11.6	122.2
389.0	13.7569	13.2102	22.5	130.9
390.0	11.035200000000001	21.331400000000002	13.3	106.2
390.0	10.0112	26.1891	7.6	115.5
390.0	27.8261	12.697799999999999	9.6	108.1
391.0	11.8937	13.376100000000001	19.2	111.7
391.0	9.8929	12.594100000000001	9.7	109.8
392.0	21.674400000000002	29.878	15.6	146.7
393.0	30.3551	16.692	9.4	96.5
395.0	17.279	5.0658	11.0	125.4
396.0	14.8794	11.8644	22.0	125.3
396.0	5.2684	20.975	7.9	108.0
398.0	24.238599999999998	10.166	14.0	131.6
398.0	3.7087	30.7023	13.7	176.5
398.0	20.4135	5.646199999999999	7.9	94.0
401.0	6.1781999999999995	22.2145	11.3	123.1
403.0	23.574	5.1618	8.3	122.8
406.0	18.2287	25.471700000000002	20.5	181.4
406.0	12.1691	14.2187	15.4	112.1
411.0	27.0676	12.6882	15.6	115.0
411.0	11.7857	20.3014	10.9	97.4
412.0	14.9076	30.6038	14.4	128.2
415.0	30.552599999999998	9.974	9.7	135.7
416.0	9.141200000000001	24.696	10.9	97.2
420.0	21.197400000000002	24.5805	15.1	116.1
420.0	13.6645	12.0161	10.7	108.2
421.0	10.995700000000001	22.4939	9.5	122.5
425.0	4.0978	21.85	11.8	135.7
430.0	8.7401	18.7397	9.8	97.3
438.0	30.4253	10.8843	16.4	117.3
438.0	13.2899	13.9559	20.6	119.4
439.0	19.329099999999997	17.855400000000003	11.2	126.2
439.0	24.3141	8.9011	8.4	139.3
441.0	6.4305	22.7722	12.0	125.6
442.0	13.604	20.487299999999998	11.6	134.5
445.0	14.8421	11.7851	11.5	106.0
448.0	10.9982	16.425900000000002	8.7	125.6
448.0	11.4997	11.771799999999999	17.7	116.7
450.0	7.2525	28.8443	17.6	134.5
450.0	25.8495	18.31	10.4	101.4
451.0	16.9342	21.8998	11.5	104.7
451.0	23.1747	20.5042	12.4	104.1
454.0	2.5375	6.2841000000000005	16.4	131.8
456.0	11.171100000000001	7.0244	12.6	121.7
456.0	28.8044	22.7237	11.8	114.5
457.0	11.73	15.9	10.9	130.2
459.0	18.044900000000002	6.0325	19.0	121.7
459.0	10.3795	7.4626	9.1	103.5
462.0	12.1999	14.5654	24.7	128.2
467.0	11.7645	13.338899999999999	29.0	157.6
471.0	19.6308	9.4997	16.9	120.1
471.0	11.4419	14.7391	9.4	107.7
472.0	11.7054	14.588799999999999	13.6	91.9
473.0	2.9764	31.4426	15.6	140.7
474.0	29.1465	9.2935	8.3	107.4
476.0	6.5706999999999995	16.134	16.2	137.2
478.0	21.363799999999998	27.350900000000003	9.7	158.6
478.0	18.9599	26.4879	7.1	130.2
481.0	17.3543	13.8508	11.8	113.3
488.0	19.9079	6.8818	13.6	118.3
490.0	6.5472	17.803900000000002	14.2	125.8
490.0	11.9545	14.2941	11.4	112.2
495.0	25.939799999999998	20.2984	21.4	177.0
495.0	20.6862	29.0942	15.8	121.9
496.0	20.3399	24.0482	14.6	132.2
497.0	10.841899999999999	23.8588	10.6	107.0
498.0	18.1166	27.8488	9.7	148.7
500.0	12.8608	24.822	11.5	106.1
501.0	12.270100000000001	12.8943	21.6	125.0
501.0	13.0427	12.515600000000001	7.6	118.2
505.0	1.566	22.591	12.8	109.3
506.0	13.0981	8.8881	13.0	115.9
506.0	15.7041	6.9392	11.4	130.7
510.0	6.4481	30.2055	7.7	123.9
514.0	16.9656	28.4402	9.6	109.1
516.0	12.1067	8.0596	13.5	127.6
517.0	16.1833	22.5108	7.5	121.3
517.0	11.2836	16.5053	14.4	111.2
518.0	11.3926	16.3945	13.6	139.7
522.0	16.4441	26.804	24.2	170.3
524.0	12.9275	4.7945	13.0	123.9
532.0	18.7012	28.466900000000003	7.9	114.1
532.0	22.715799999999998	22.5839	16.5	188.3
534.0	14.8973	14.9572	19.4	152.5
534.0	21.5731	28.04	8.5	110.9
537.0	3.84	18.328200000000002	8.0	128.2
540.0	9.7219	26.799599999999998	9.1	94.7
540.0	11.725299999999999	15.9261	11.5	133.7
541.0	21.5364	16.5626	14.6	117.3
542.0	28.686400000000003	15.4997	12.7	98.9
545.0	2.9756	25.5993	16.2	138.9
546.0	2.9529	25.480900000000002	19.6	152.2
547.0	14.8397	24.1324	16.1	141.6
552.0	11.7271	13.809899999999999	9.6	96.8
559.0	8.0458	10.599	13.0	114.4
559.0	23.1935	24.2438	10.2	105.2
560.0	8.0452	10.4568	11.5	123.5
562.0	27.8412	17.424599999999998	12.1	110.6
564.0	9.790899999999999	22.7295	9.3	100.6
565.0	14.7393	14.4982	9.0	141.9
567.0	18.6182	20.057599999999997	10.9	118.0
571.0	26.4161	16.384900000000002	11.9	133.9
579.0	19.6135	24.6251	21.5	184.9
579.0	3.9551	14.8847	11.0	152.6
579.0	1.7851	8.8526	7.8	104.4
581.0	2.583	17.8858	15.7	160.3
582.0	22.615299999999998	20.406	10.4	98.8
594.0	2.4541	14.1854	14.1	125.6
594.0	1.1262999999999999	7.3397	9.0	126.1
595.0	26.6922	23.4106	17.3	138.3
595.0	1.1354000000000002	7.2296000000000005	10.9	109.7
596.0	15.274899999999999	23.8157	10.9	107.6
600.0	1.9975	29.5422	8.5	129.1
600.0	10.059	20.662200000000002	15.9	159.2
601.0	10.9246	14.5015	11.1	122.4
601.0	10.0008	20.933	15.9	127.5
601.0	14.8128	11.8728	16.0	126.2
602.0	3.1299	21.8987	13.5	137.5
608.0	6.243600000000001	16.390099999999997	14.9	119.8
609.0	17.485400000000002	14.392299999999999	11.2	100.1
611.0	17.9024	12.603399999999999	8.8	118.6
612.0	13.1048	11.112200000000001	15.5	120.5
615.0	18.8912	6.253100000000001	17.2	153.7
616.0	12.2333	13.9088	8.9	98.9
617.0	23.2835	20.197599999999998	7.1	126.1
620.0	16.249299999999998	10.6684	22.2	128.7
626.0	20.3446	28.9652	7.6	119.0
627.0	25.306	23.494	10.1	110.4
630.0	23.242	10.6842	9.8	130.1
631.0	12.15	11.8825	16.6	170.4
636.0	12.2623	11.1155	15.9	130.6
640.0	13.377600000000001	13.7136	9.4	111.0
640.0	21.3765	20.7398	14.7	128.6
641.0	12.3049	12.947299999999998	20.0	173.9
644.0	28.1941	21.5377	14.5	111.1
651.0	25.4046	23.4399	11.2	130.7
660.0	14.906	26.77	16.2	128.3
662.0	22.604	22.9847	16.7	123.7
670.0	16.877200000000002	17.4946	7.6	94.0
672.0	5.2263	18.7607	8.4	123.5
673.0	19.593	6.3665	8.2	125.2
674.0	11.0717	25.0634	17.5	132.8
678.0	17.154	25.2177	9.0	149.7
679.0	12.1502	14.815299999999999	8.8	110.8
679.0	23.731900000000003	8.4731	15.4	123.2
680.0	16.859599999999997	2.6086	14.4	142.1
681.0	30.1908	15.2904	24.4	132.5
681.0	16.9852	2.9315	14.7	153.5
682.0	19.2385	7.0388	12.1	121.5
684.0	17.2863	29.1755	9.7	108.3
690.0	12.9905	23.4985	11.0	123.8
693.0	2.5735	17.8987	14.9	145.9
696.0	7.5236	17.956799999999998	9.6	126.4
700.0	12.5159	13.4062	25.8	168.3
700.0	28.8022	14.0602	15.6	109.6
700.0	18.6843	11.309700000000001	7.8	106.9
701.0	18.6985	11.9605	10.4	131.8
702.0	14.7745	11.7655	15.7	114.6
702.0	29.8259	10.556799999999999	11.9	164.0
703.0	10.734	13.1292	13.8	124.2
708.0	11.5206	12.8697	27.9	168.9
713.0	2.5095	26.618	9.3	101.1
717.0	18.2606	25.2515	14.4	111.1
718.0	22.796599999999998	10.382700000000002	9.4	97.6
722.0	0.9138	21.826900000000002	17.0	143.3
722.0	14.0921	6.7543999999999995	14.5	113.1
728.0	16.7112	12.587399999999999	22.3	150.8
729.0	15.3065	16.73	12.3	112.9
729.0	16.565099999999997	12.4719	17.4	187.6
730.0	25.5233	20.0809	25.6	161.0
736.0	8.8525	11.3158	11.7	116.5
737.0	11.930399999999999	13.5015	15.5	118.0
739.0	15.430200000000001	13.5509	18.3	136.3
741.0	30.860599999999998	10.6011	13.4	100.0
741.0	15.1709	14.812	9.1	112.4
752.0	16.2864	22.5155	10.4	131.8
757.0	23.1558	9.4459	9.7	94.4
760.0	13.288200000000002	7.8731	19.6	151.4
766.0	3.5869	20.501	21.4	142.9
767.0	11.1699	7.0143	9.7	116.2
768.0	15.7248	19.8	8.2	107.4
768.0	21.5103	27.596799999999998	16.9	149.1
770.0	14.7668	21.693099999999998	14.4	149.9
770.0	15.5373	13.7624	8.3	119.2
772.0	2.6372	17.996599999999997	12.5	118.9
773.0	3.6101	21.2671	7.6	117.4
773.0	11.755	21.719099999999997	12.1	130.5
773.0	17.4041	8.1945	9.6	109.5
781.0	10.0471	18.6801	9.0	116.0
781.0	18.5972	8.815700000000001	12.6	130.0
784.0	11.9133	8.9614	13.0	143.2
790.0	22.8427	4.9301	12.3	110.4
792.0	16.1076	22.4723	17.2	136.9
792.0	28.3964	29.7626	11.2	123.3
798.0	27.285	17.244	11.9	142.6
809.0	22.704900000000002	1.6379000000000001	8.0	103.2
815.0	23.3948	23.966900000000003	7.1	103.6
816.0	26.5182	8.7006	12.5	123.7
817.0	5.5086	24.6797	15.8	123.8
821.0	18.7067	7.5368	11.3	126.2
821.0	6.0537	22.226	10.3	100.7
826.0	27.051099999999998	17.1065	14.7	132.1
829.0	3.0126999999999997	18.916	14.4	178.4
830.0	16.655900000000003	29.804599999999997	8.7	103.7
832.0	30.9864	9.5269	11.2	119.7
838.0	13.3437	13.293899999999999	26.6	167.8
839.0	11.697899999999999	14.379700000000001	17.0	123.4
841.0	1.7325	16.9357	7.3	109.3
847.0	18.254900000000003	7.2535	8.6	99.8
848.0	15.739	6.8405	12.3	115.2
850.0	14.954799999999999	27.677	11.6	101.8
859.0	2.9596	18.9528	16.3	160.0
870.0	14.9862	13.4205	9.1	139.7
871.0	4.7495	28.8718	10.2	103.3
882.0	4.1801	9.636299999999999	13.7	122.0
885.0	16.631700000000002	12.006200000000002	8.1	106.2
890.0	11.405299999999999	14.1993	13.5	100.9
894.0	11.9888	14.7399	11.0	136.4
894.0	22.3763	19.0317	9.7	92.7
897.0	2.9498	0.4031	8.6	105.5
899.0	23.6552	17.443	11.8	100.1
902.0	8.3418	24.7378	24.2	160.4
903.0	7.831899999999999	25.042099999999998	18.5	173.6
911.0	23.6602	26.1741	7.3	134.8
916.0	1.4022999999999999	6.9002	7.8	131.1
917.0	1.3019	6.777399999999999	14.9	165.3
917.0	27.8349	8.142	10.2	107.3
917.0	10.8239	19.1271	16.6	121.1
921.0	2.5784000000000002	17.8661	25.9	172.5
923.0	21.1206	3.4753000000000003	11.1	120.3
924.0	9.9004	7.2184	14.0	117.6
924.0	2.0435	29.639200000000002	8.1	127.5
928.0	20.5809	10.459299999999999	10.5	119.9
929.0	20.637700000000002	10.6926	8.4	125.4
930.0	19.6584	9.975100000000001	16.8	125.6
930.0	11.6227	25.1338	14.3	137.7
932.0	11.4199	8.8883	11.9	107.5
932.0	18.6895	17.295099999999998	11.7	114.5
936.0	6.7842	16.3856	13.2	110.6
938.0	9.6996	29.0697	16.2	148.2
939.0	20.045900000000003	27.3038	8.7	134.9
940.0	31.5574	8.8602	9.6	110.0
941.0	25.8586	16.7613	11.5	154.7
949.0	20.369400000000002	21.2562	13.2	127.1
952.0	16.761	6.5522	13.0	111.3
953.0	2.5719000000000003	17.8967	27.5	152.9
958.0	22.936	10.8279	7.8	92.3
969.0	21.8315	24.201900000000002	8.5	112.4
972.0	28.602	13.9018	12.1	110.3
973.0	23.2295	9.0049	9.3	109.1
974.0	10.0341	18.923	14.2	106.5
981.0	12.300600000000001	8.712299999999999	15.8	110.3
994.0	25.8096	14.2273	9.4	105.2
995.0	4.2695	23.4391	9.5	117.4
1001.0	16.6779	8.744299999999999	11.5	101.2
1003.0	29.7222	14.1164	8.7	115.4
1008.0	10.14	23.1023	14.6	119.7
1010.0	13.6491	21.4192	13.3	113.4
1012.0	19.1032	28.5453	16.6	135.8
1012.0	29.0351	15.8226	9.9	99.1
1016.0	2.6101	17.986099999999997	19.8	150.3
1016.0	18.679	8.5172	11.2	139.2
1016.0	1.1156	14.3355	9.3	129.9
1017.0	24.0439	28.5843	9.2	99.8
1018.0	2.7491	31.4485	7.9	94.5
1024.0	20.261400000000002	7.153	7.1	120.3
1030.0	11.9342	16.6162	7.9	111.7
1032.0	25.2413	12.339799999999999	23.9	159.4
1033.0	23.3755	15.9556	12.2	111.6
1035.0	17.4872	31.322400000000002	14.6	143.8
1040.0	5.6734	26.621599999999997	14.7	116.0
1040.0	11.137799999999999	10.3571	8.9	144.5
1045.0	6.7683	13.1166	13.3	126.5
1046.0	3.9556999999999998	29.928	14.3	160.8
1053.0	19.325599999999998	22.0461	19.3	132.4
1059.0	6.6925	10.7988	11.0	142.6
1060.0	12.668299999999999	13.3453	10.9	120.3
1070.0	9.9915	15.4771	7.7	147.8
1072.0	17.4477	22.823400000000003	15.1	116.3
1074.0	16.1406	12.1428	19.7	124.4
1074.0	19.9343	28.661	16.1	121.2
1074.0	24.5006	5.595	7.7	101.1
1075.0	16.907	13.7689	7.3	115.9
1078.0	2.6079	17.9007	14.7	134.8
1080.0	8.0084	13.825	8.1	104.3
1080.0	1.5579	7.2556	9.9	127.5
1087.0	6.1603	16.927	14.8	109.6
1089.0	21.6036	15.6633	10.0	132.7
1090.0	13.679799999999998	12.6145	14.1	111.3
1093.0	16.911900000000003	18.3687	20.4	138.1
1093.0	6.7783	11.339799999999999	13.8	102.9
1095.0	18.511200000000002	13.0014	10.9	100.5
1101.0	17.3047	20.1571	11.6	107.2
1102.0	1.7052	17.0587	10.2	129.8
1102.0	19.5962	24.194	12.7	141.9
1102.0	11.239	7.7817	8.5	137.7
1106.0	10.9335	18.2267	17.9	120.3
1106.0	8.0742	11.6541	7.5	113.2
1110.0	10.8002	17.906200000000002	11.4	146.2
1111.0	31.110400000000002	25.618599999999997	16.2	186.4
1111.0	10.6211	17.957	8.9	126.4
1118.0	6.4453000000000005	17.4316	12.0	133.7
1120.0	7.4349	17.1066	9.1	107.8
1126.0	3.1846	18.0869	12.5	115.0
1136.0	2.8494	2.3651999999999997	7.8	128.5
1137.0	2.7499000000000002	2.3085	13.3	157.9
1139.0	16.4998	12.261	15.6	119.3
1144.0	10.1389	11.0299	10.2	106.3
1148.0	11.306299999999998	14.3261	21.1	144.4
1151.0	11.9026	16.214299999999998	14.9	157.6
1152.0	2.0433	18.201	25.8	172.3
1152.0	9.9526	26.5425	13.1	140.0
1158.0	10.3576	22.8459	19.4	139.5
1160.0	12.1954	20.7685	14.1	113.7
1168.0	25.2885	9.7341	17.7	149.2
1176.0	12.614600000000001	13.6505	7.6	122.4
1180.0	13.2232	12.7433	18.8	115.2
1180.0	30.906299999999998	15.0027	9.0	113.1
1184.0	10.017	10.555299999999999	8.9	94.9
1187.0	2.7704	8.3876	8.8	109.7
1192.0	20.5515	20.0506	7.3	113.6
1197.0	17.3193	20.840799999999998	14.0	113.5
1198.0	7.6869	27.1654	11.7	131.0
1201.0	20.8309	8.193299999999999	11.9	109.9
1201.0	5.2783	8.1675	8.1	128.6
1201.0	26.3794	7.3493	13.4	129.3
1206.0	11.424	6.5019	7.4	116.1
1208.0	28.4359	20.7748	8.0	104.1
1216.0	16.449	11.1198	10.6	126.3
1217.0	22.357599999999998	6.0128	13.7	133.0
1221.0	11.7544	13.3716	17.6	131.7
1222.0	24.7732	28.4641	10.3	127.9
1224.0	12.5585	13.5328	16.3	133.5
1229.0	8.1004	8.372200000000001	9.7	110.0
1234.0	29.465799999999998	14.8007	9.4	110.7
1235.0	16.8138	19.2867	7.4	119.0
1236.0	8.4543	15.9231	13.5	113.3
1237.0	3.907	29.372400000000003	7.9	126.4
1238.0	12.8915	13.567	10.6	138.1
1244.0	13.9966	25.6964	8.2	90.1
1244.0	2.7533000000000003	2.286	13.7	135.6
1247.0	8.0983	16.0834	13.7	125.8
1249.0	15.621799999999999	25.575	15.6	142.5
1250.0	19.4086	12.5801	13.6	126.4
1251.0	21.721400000000003	26.1732	9.2	100.7
1254.0	11.8156	26.3764	13.5	133.9
1256.0	20.431900000000002	14.4835	10.4	110.0
1256.0	11.6839	26.2283	10.2	116.7
1257.0	16.802	28.157700000000002	10.5	116.7
1257.0	16.3837	28.7834	19.1	178.6
1262.0	12.4164	9.7836	10.1	126.2
1265.0	12.6373	13.3295	19.0	171.9
1266.0	5.472600000000001	21.206599999999998	7.5	119.0
1269.0	10.019	27.285400000000003	7.5	115.8
1280.0	3.1281999999999996	15.899799999999999	9.0	112.9
1280.0	10.437100000000001	22.5033	16.8	146.6
1283.0	3.5258000000000003	2.8486	10.9	122.9
1290.0	22.2953	9.6823	8.0	97.3
1293.0	20.196099999999998	7.4635	18.1	142.5
1301.0	8.2931	5.6982	8.1	93.6
1306.0	30.8183	13.8825	7.9	109.5
1308.0	17.362599999999997	15.1281	10.1	97.5
1320.0	2.5388	17.865099999999998	20.8	147.5
1328.0	2.6014	17.9763	15.3	139.7
1331.0	2.473	17.949	14.7	116.2
1333.0	10.7313	16.5597	24.9	162.8
1348.0	0.4505	10.728399999999999	14.2	131.4
1350.0	0.335	10.5124	11.6	119.1
1350.0	22.3092	9.6452	12.9	116.3
1351.0	24.631400000000003	30.399900000000002	12.3	103.4
1355.0	27.4664	9.4289	8.1	122.8
1356.0	6.3099	24.3753	11.0	133.5
1356.0	0.4656	9.471200000000001	18.0	144.8
1357.0	2.6035	27.3319	10.2	144.5
1357.0	5.5043	18.8457	8.6	117.4
1358.0	0.5502	9.8224	14.1	112.9
1359.0	0.4505	9.6409	10.3	112.6
1361.0	12.806299999999998	13.2871	13.7	115.2
1361.0	7.2791999999999994	27.8412	9.9	151.1
1366.0	6.3354	22.415	18.3	132.8
1371.0	25.6707	11.4323	18.8	128.1
1377.0	3.9655	16.418400000000002	14.7	137.2
1378.0	21.5609	16.6122	10.1	103.6
1381.0	13.513200000000001	6.4626	8.0	142.8
1392.0	5.33	13.972100000000001	9.3	98.2
1408.0	30.5694	26.664	34.1	188.3
1408.0	12.1793	13.808399999999999	17.6	129.8
1410.0	16.803	7.4413	10.5	104.2
1414.0	0.7221000000000001	17.8914	10.3	99.0
1415.0	30.2837	15.0711	10.7	119.9
1415.0	24.805799999999998	7.0415	13.2	165.2
1415.0	2.6016999999999997	17.8925	16.6	145.3
1419.0	24.7219	24.4004	10.2	103.8
1423.0	9.247399999999999	16.2765	14.8	130.7
1431.0	6.6751000000000005	30.1176	18.2	150.9
1433.0	31.2503	9.2986	10.2	106.2
1443.0	13.1902	3.2149	17.6	177.0
1447.0	21.3506	17.297400000000003	12.5	104.2
1448.0	31.5186	13.8479	9.7	108.6
1456.0	19.7329	21.8047	9.0	118.5
1461.0	28.7122	15.1516	10.0	112.8
1479.0	16.952099999999998	12.3991	13.6	101.3
1483.0	1.3985999999999998	21.7877	7.5	101.3
1489.0	16.3583	22.412200000000002	16.4	122.6
1491.0	9.739799999999999	20.5958	11.6	105.1
1512.0	7.844600000000001	17.9748	11.7	107.8
1512.0	20.162	24.3507	7.9	115.3
1513.0	26.493	8.5709	14.3	122.7
1530.0	2.6369000000000002	17.895	16.5	139.6
1532.0	0.6091	18.4605	10.8	117.0
1532.0	22.3917	23.154400000000003	12.2	113.1
1533.0	17.0716	6.3843000000000005	10.1	104.7
1534.0	0.9379	21.6837	17.4	128.2
1537.0	28.3476	11.0229	16.0	162.9
1546.0	5.5901000000000005	0.7464	10.4	99.9
1549.0	13.0443	27.542099999999998	8.9	102.0
1550.0	12.943	27.4705	10.3	108.0
1551.0	5.33	21.6891	12.3	123.4
1551.0	11.2254	13.8597	7.0	93.9
1551.0	13.0509	27.0797	13.4	112.3
1552.0	14.6334	28.8578	9.1	116.1
1553.0	2.4846999999999997	19.8487	19.7	157.4
1554.0	0.222	18.3953	12.2	134.9
1554.0	11.116100000000001	21.1357	14.0	118.4
1556.0	4.2478	8.4777	8.8	103.8
1556.0	4.5611999999999995	30.611900000000002	25.0	147.6
1565.0	11.165299999999998	12.5596	10.1	134.3
1566.0	11.8237	12.2955	13.5	125.7
1566.0	31.839	8.644	18.6	145.5
1570.0	20.3251	26.6092	8.7	99.0
1571.0	2.9209	28.784299999999998	7.4	126.4
1572.0	11.5758	9.235100000000001	10.5	121.5
1573.0	16.8052	19.1616	14.6	126.5
1577.0	14.9858	14.434299999999999	12.7	123.8
1590.0	15.603	8.649700000000001	13.0	130.0
1598.0	19.2423	8.5975	7.8	94.2
1604.0	16.468700000000002	26.853099999999998	17.8	117.8
1611.0	2.6136	17.8863	14.0	114.1
1615.0	15.3472	9.1425	18.2	134.4
1618.0	6.3703	23.2409	11.7	108.0
1620.0	20.3837	15.051200000000001	17.1	116.2
1626.0	1.08	12.269	9.5	107.5
1637.0	24.234599999999997	20.8929	10.9	103.9
1641.0	18.921400000000002	20.3873	8.5	99.1
1648.0	11.5097	12.4223	17.8	123.1
1649.0	11.5706	12.2265	25.0	175.3
1651.0	25.470299999999998	9.042200000000001	14.4	119.8
1651.0	2.539	17.8654	20.9	147.3
1656.0	28.3124	19.2475	10.6	138.1
1657.0	22.8277	11.3396	8.8	108.1
1662.0	30.1318	17.9785	10.9	113.2
1664.0	13.7768	24.6846	7.4	125.8
1668.0	14.853	12.724200000000002	20.7	128.7
1671.0	20.990599999999997	27.477700000000002	10.7	116.0
1673.0	10.6995	14.2539	14.1	111.0
1675.0	20.4544	26.849700000000002	8.7	123.2
1676.0	19.2267	18.137	12.6	108.1
1684.0	13.338799999999999	13.296700000000001	17.7	134.8
1689.0	10.4414	21.529700000000002	21.2	145.5
1690.0	10.255	5.765	13.8	135.2
1691.0	9.8159	28.004	9.3	148.0
1691.0	10.3977	5.7826	14.1	124.9
1695.0	13.200299999999999	12.880700000000001	16.7	174.8
1702.0	25.3281	20.144099999999998	8.7	130.7
1703.0	9.9255	21.5214	8.7	126.4
1713.0	23.3067	10.7439	16.9	171.0
1717.0	18.0616	19.9411	10.4	99.7
1724.0	9.6793	22.5499	20.0	136.9
1725.0	19.8722	29.3307	11.7	106.7
1727.0	21.625400000000003	7.3518	10.3	105.9
1727.0	14.916799999999999	11.7012	13.1	112.5
1731.0	24.7494	23.4262	20.3	174.4
1740.0	22.3294	13.5304	17.9	147.1
1744.0	18.7162	6.0613	11.8	110.4
1745.0	2.5853	17.8812	24.1	158.2
1747.0	24.3313	10.212200000000001	12.4	111.0
1749.0	7.1814	31.2685	12.5	107.5
1762.0	12.5867	28.8955	11.8	125.1
1763.0	31.3537	15.9181	7.4	107.1
1770.0	22.177599999999998	20.3431	12.4	102.4
1774.0	2.6165	17.909	25.2	137.6
1774.0	13.588700000000001	31.4331	10.0	120.4
1779.0	20.1555	23.786	23.1	149.4
1780.0	11.9058	14.4299	10.0	101.2
1797.0	19.887700000000002	14.3524	9.0	118.6
1800.0	13.266	28.3662	8.2	117.9
1810.0	12.7669	25.4678	13.5	109.8
1815.0	18.5197	7.8291	14.0	105.7
1831.0	20.1455	28.865599999999997	12.4	119.9
1835.0	6.2743	22.4425	10.3	103.2
1840.0	18.399	29.4478	13.2	109.3
1848.0	16.51	16.429299999999998	11.7	119.2
1856.0	30.3549	10.186399999999999	18.0	141.3
1860.0	1.9145999999999999	12.3995	7.4	101.8
1867.0	20.8601	26.8409	13.0	117.9
1873.0	8.7142	30.6843	10.5	112.8
1878.0	25.2018	12.195200000000002	20.3	126.8
1883.0	12.4687	13.273100000000001	12.3	103.8
1889.0	7.9204	13.486	14.0	122.2
1893.0	22.789099999999998	23.2468	10.5	107.5
1893.0	18.3367	10.2902	10.2	108.6
1902.0	2.6264000000000003	17.9795	12.2	124.1
1915.0	7.3233999999999995	26.1568	11.3	123.1
1925.0	2.5783	17.956	20.4	134.4
1927.0	26.5231	30.540200000000002	13.8	109.3
1932.0	0.587	19.529799999999998	12.7	182.1
1935.0	14.255600000000001	10.271700000000001	10.8	113.6
1947.0	22.9378	6.1692	20.2	146.5
1947.0	2.5361	18.0009	17.9	173.4
1951.0	11.5923	13.907	18.0	127.6
1953.0	0.7293	10.2521	9.6	115.9
1954.0	6.0426	10.5455	11.9	126.0
1954.0	0.8761	10.220799999999999	8.8	136.8
1988.0	24.950599999999998	18.2325	17.8	162.1
1991.0	22.5895	22.6977	13.3	107.1
1995.0	4.969600000000001	11.8051	8.1	136.4
1995.0	19.9136	14.630600000000001	13.9	129.2
1997.0	13.877	23.823700000000002	11.0	104.8
2002.0	13.2769	17.1839	13.7	111.6
2007.0	2.5719000000000003	17.8445	17.3	130.4
2025.0	18.9429	25.457900000000002	14.1	115.4
2032.0	8.3363	5.1153	9.2	97.7
2040.0	3.0086	11.1091	9.0	118.2
2040.0	7.8617	28.525	19.0	129.3
2045.0	16.215700000000002	20.018099999999997	8.7	115.4
2047.0	9.5416	15.854899999999999	18.5	144.4
2050.0	13.241200000000001	12.458	23.2	132.9
2051.0	19.1232	28.7539	13.2	115.4
2052.0	9.574	18.726200000000002	9.9	129.7
2052.0	24.9667	13.3098	17.1	176.6
2055.0	5.1257	20.3216	11.1	125.0
2061.0	6.0226999999999995	18.6854	9.7	104.7
2078.0	31.148799999999998	10.0773	7.7	119.2
2079.0	10.4396	13.6709	14.9	121.4
2091.0	21.8412	4.3889	24.0	161.4
2108.0	18.7958	6.0352	7.3	102.6
2124.0	12.0327	21.586	11.3	102.5
2125.0	24.3002	7.2858	12.7	147.9
2127.0	13.806700000000001	12.6318	11.8	124.7
2133.0	30.8762	14.7011	14.7	113.9
2144.0	17.985599999999998	26.4057	7.6	104.4
2145.0	12.2075	9.820200000000002	12.5	107.2
2150.0	11.3297	22.8165	21.7	143.5
2175.0	25.9402	21.745	8.6	98.8
2176.0	23.4045	0.5075	12.9	134.8
2177.0	23.5701	0.8179	12.1	132.5
2180.0	23.7565	21.084	16.5	142.6
2187.0	19.082099999999997	1.4519000000000002	10.2	136.3
2193.0	18.6945	9.1854	16.8	147.6
2201.0	2.5919	17.8856	20.5	156.5
2204.0	13.0716	27.1968	12.1	104.7
2205.0	22.915	2.0248	10.3	118.4
2208.0	31.0849	22.759	22.2	169.0
2212.0	20.136599999999998	15.674100000000001	7.2	104.1
2225.0	6.4088	20.6313	12.3	107.8
2232.0	5.2829	20.6678	12.3	124.5
2239.0	28.6973	14.385	15.8	118.2
2240.0	12.2156	13.6893	7.1	108.3
2251.0	4.3181	7.2799	15.3	133.7
2252.0	11.4966	17.5077	11.4	95.8
2253.0	20.229400000000002	24.319	8.0	110.1
2253.0	11.8073	18.536	8.1	123.2
2255.0	12.5111	18.0	17.5	182.2
2257.0	5.3973	19.1725	12.9	117.2
2257.0	6.5134	4.374	28.8	176.2
2259.0	19.8079	16.606900000000003	7.2	111.2
2260.0	21.4155	29.947200000000002	10.4	117.4
2260.0	9.4493	31.0487	9.6	160.0
2264.0	5.4953	30.3185	7.1	126.0
2272.0	9.3489	31.0461	12.5	138.9
2275.0	21.3858	22.902900000000002	19.8	146.0
2281.0	8.1483	30.245900000000002	16.0	134.1
2287.0	2.6365	17.7997	12.5	147.1
2288.0	2.571	17.558400000000002	10.8	149.4
2289.0	19.7746	4.0066999999999995	12.5	126.7
2291.0	26.9682	9.1983	16.7	152.5
2294.0	11.9199	11.2458	16.3	147.6
2295.0	2.8523	2.1626999999999996	13.2	133.5
2298.0	28.228	25.902	13.2	114.4
2300.0	7.2856000000000005	3.4963	12.6	127.5
2302.0	2.4095	15.8874	12.9	115.4
2302.0	23.149099999999997	3.0244	18.5	145.6
2307.0	23.986	4.456600000000001	17.9	152.0
2312.0	1.4139000000000002	15.5869	13.0	118.9
2312.0	26.9938	9.2255	22.7	149.3
2319.0	21.252200000000002	24.871	14.1	108.6
2319.0	18.2186	29.7409	11.9	118.8
2320.0	22.9437	11.2708	13.1	137.9
2323.0	4.0937	29.6962	20.1	148.1
2324.0	13.4184	16.7407	10.8	106.2
2332.0	4.561	6.7486999999999995	9.7	130.8
2333.0	29.4917	14.0555	13.0	103.7
2333.0	4.43	6.8946000000000005	8.8	88.3
2348.0	3.2557	11.425600000000001	11.5	126.3
2353.0	9.745299999999999	26.747700000000002	14.6	142.4
2357.0	2.164	1.8257999999999999	8.1	95.4
2359.0	9.8203	17.107200000000002	9.1	110.3
2363.0	14.863	31.759900000000002	13.0	97.4
2363.0	4.1589	11.9246	7.5	99.0
2387.0	11.9848	13.9395	7.5	102.2
2391.0	4.3837	3.8651999999999997	14.3	130.6
2395.0	12.2002	28.797900000000002	19.1	172.5
2397.0	24.557299999999998	21.759	9.4	104.3
2401.0	12.4954	13.1793	10.6	98.7
2404.0	12.5343	13.4675	9.5	104.1
2404.0	10.933	10.98	12.9	102.1
2412.0	16.9492	15.898399999999999	10.2	115.5
2429.0	12.7553	19.6749	19.0	166.5
2430.0	23.559900000000003	16.6762	18.7	119.4
2433.0	19.360799999999998	30.4904	8.1	119.9
2437.0	8.3177	6.659	9.7	108.9
2443.0	8.7334	28.041	13.6	149.7
2444.0	8.5989	28.034200000000002	10.7	118.0
2457.0	2.5467	17.9414	28.1	150.5
2458.0	15.856200000000001	22.6943	12.2	105.0
2458.0	30.8834	16.6079	10.1	145.8
2465.0	13.504100000000001	25.617	11.7	108.1
2470.0	16.647599999999997	25.7103	10.9	105.9
2472.0	8.1609	13.203299999999999	9.2	97.3
2473.0	18.0248	22.0169	22.4	145.3
2477.0	3.52	6.1585	11.4	109.4
2480.0	4.88	13.041799999999999	9.5	109.2
2481.0	11.7683	14.869	10.2	95.8
2482.0	11.8541	10.147	15.6	115.5
2485.0	20.545900000000003	22.9331	9.1	143.0
2485.0	26.633	10.191	12.3	99.6
2487.0	3.0526	13.2476	24.0	136.5
2489.0	14.9106	2.7571999999999997	11.8	156.7
2498.0	17.212	10.367899999999999	12.8	99.3
2505.0	1.4981	6.7107	8.3	117.9
2505.0	3.3455	19.1975	11.2	115.2
2506.0	1.5662	6.525	9.2	136.9
2507.0	24.0213	28.9434	11.4	107.3
2517.0	21.0849	15.7274	14.3	129.1
2520.0	20.071	25.6238	14.1	110.8
2532.0	18.823900000000002	11.744200000000001	8.3	114.9
2533.0	27.267599999999998	13.2303	9.7	120.5
2535.0	27.581799999999998	13.1074	22.9	164.2
2538.0	8.0315	17.6235	15.7	162.6
2538.0	13.933200000000001	10.665	14.0	108.9
2541.0	2.6151	17.830099999999998	18.1	144.3
2541.0	27.798099999999998	12.7808	10.4	112.0
2551.0	22.0186	29.3135	24.6	164.0
2551.0	30.3294	12.242799999999999	18.0	126.2
2559.0	12.0078	15.2128	11.0	110.4
2561.0	2.1575	13.1926	13.5	115.2
2563.0	23.1207	25.596400000000003	9.3	101.6
2567.0	24.640099999999997	8.0057	7.3	123.6
2569.0	20.4585	20.083299999999998	16.1	122.2
2571.0	12.7494	8.6636	17.6	158.7
2571.0	9.741299999999999	22.8577	13.2	111.9
2572.0	12.5694	12.9263	13.8	127.8
2572.0	27.2907	8.258700000000001	15.0	109.1
2574.0	30.2574	11.7633	30.8	166.0
2578.0	13.3723	10.4788	37.7	186.0
2583.0	12.2331	9.2298	7.9	133.3
2586.0	2.5678	17.9347	21.9	160.9
2589.0	2.1149	17.3507	12.1	102.0
2592.0	1.4190999999999998	16.9889	10.9	131.6
2593.0	1.5030999999999999	16.922400000000003	16.2	126.3
2598.0	3.9295	7.6196	9.5	99.0
2599.0	15.1774	8.3702	7.5	118.4
2601.0	24.0477	6.2337	8.1	99.0
2601.0	19.9786	26.815	13.7	122.0
2601.0	29.04	11.0604	15.5	112.5
2601.0	29.7823	16.3779	13.1	120.0
2602.0	8.244299999999999	8.0007	12.9	103.1
2603.0	8.0052	8.062899999999999	13.5	128.5
2603.0	14.4009	10.1884	8.5	94.8
2604.0	7.5685	8.1023	23.8	158.2
2610.0	27.6955	1.8674000000000002	13.9	138.9
2614.0	18.1905	30.0827	10.6	116.9
2616.0	13.469	13.040799999999999	11.6	106.2
2620.0	13.5268	12.8295	11.7	97.7
2620.0	24.4522	3.128	12.5	107.6
2626.0	19.393099999999997	23.247700000000002	11.6	113.5
2638.0	22.895799999999998	21.032700000000002	18.9	131.0
2643.0	7.4428	10.946399999999999	7.1	109.5
2647.0	12.1755	31.0548	9.4	129.1
2655.0	30.1888	17.5244	15.7	110.8
2665.0	11.5572	4.4606	10.8	111.2
2668.0	9.0148	6.2779	12.0	108.1
2673.0	21.700200000000002	26.856900000000003	14.8	159.3
2674.0	21.8083	26.9405	14.6	159.9
2681.0	5.586399999999999	17.890099999999997	12.7	110.6
2685.0	15.7345	20.9305	17.7	126.5
2688.0	18.7182	24.6836	12.8	104.3
2690.0	8.2738	6.7413	11.7	108.4
2691.0	30.0671	18.123900000000003	22.0	140.0
2695.0	2.5549	17.9516	12.0	132.1
2697.0	7.2537	31.8157	23.4	168.0
2701.0	11.4762	13.5691	22.6	181.7
2702.0	20.6252	30.1251	14.3	118.6
2702.0	18.2211	1.6849	14.1	146.4
2707.0	9.224200000000002	9.4015	11.1	105.3
2717.0	2.5738000000000003	17.9342	28.5	164.9
2725.0	6.9794	5.8521	10.3	101.0
2728.0	3.794	3.0141999999999998	9.5	103.0
2734.0	16.1038	25.509	18.5	129.3
2749.0	25.6065	21.563	13.7	126.6
2751.0	15.1274	21.6322	8.0	94.4
2751.0	20.5657	27.4124	19.0	124.7
2753.0	9.804200000000002	11.280899999999999	21.2	139.4
2756.0	18.765400000000003	24.868599999999997	10.2	115.2
2778.0	13.1429	15.7481	19.0	140.1
2781.0	21.2834	22.4862	17.8	121.4
2791.0	7.0605	7.8277	14.0	130.9
2792.0	7.3132	11.0954	24.1	143.8
2797.0	22.598599999999998	12.9177	7.8	103.0
2819.0	14.286100000000001	13.356399999999999	18.6	172.0
2832.0	26.6749	9.9725	11.7	113.4
2833.0	29.4512	7.8521	7.3	131.1
2855.0	21.8049	12.8315	13.1	104.3
2858.0	12.2586	17.7408	20.8	159.1
2859.0	19.072599999999998	25.2724	9.1	119.4
2859.0	12.270700000000001	18.290200000000002	11.5	125.2
2869.0	12.1774	14.845600000000001	13.2	123.9
2869.0	19.4623	18.1353	9.5	109.2
2869.0	2.5956	17.877599999999997	23.5	157.1
2878.0	7.512899999999999	29.4022	8.7	140.1
2881.0	21.5768	16.3591	16.1	145.1
2882.0	21.2836	15.9945	10.0	168.4
2888.0	12.65	8.6431	8.1	114.5
2891.0	12.7032	16.539	12.3	119.5
2892.0	17.117900000000002	30.7853	8.7	99.8
2901.0	10.4402	26.3522	12.6	123.0
2914.0	12.5308	13.0386	10.9	112.0
2918.0	20.9825	5.2853	8.5	104.0
2921.0	30.9711	9.222700000000001	12.5	109.2
2927.0	16.1193	25.4422	8.7	102.2
2931.0	6.0395	29.6146	11.3	99.8
2935.0	20.7182	13.901299999999999	7.9	106.8
2946.0	13.226799999999999	24.0958	12.5	104.7
2960.0	8.4444	26.873900000000003	9.8	109.8
2969.0	1.0372000000000001	3.2765	11.4	147.3
2970.0	0.9274	3.0708	9.8	104.9
2982.0	2.481	17.8412	12.5	132.5
2987.0	2.7086	30.0931	8.8	148.2
2989.0	2.3076	17.5063	24.4	161.1
2996.0	17.512900000000002	30.8163	15.4	111.6
2999.0	22.422400000000003	23.207	15.5	117.0
3000.0	23.7521	11.4532	11.2	104.9
3005.0	16.4023	30.533900000000003	18.4	174.8
3007.0	2.5843000000000003	17.8995	19.2	143.4
3013.0	0.6872999999999999	23.4908	7.6	92.4
3024.0	11.1588	23.2323	16.4	119.9
3052.0	20.468400000000003	5.851	12.1	131.6
3054.0	27.4432	18.990299999999998	7.9	124.6
3055.0	27.4298	19.138	14.0	145.1
3057.0	16.6734	15.921	18.5	113.5
3059.0	17.8627	5.7439	8.2	104.6
3062.0	21.5293	26.6936	15.4	124.9
3063.0	9.3846	25.9605	10.1	99.8
3070.0	19.5162	24.0095	13.2	103.5
3089.0	27.8304	22.7973	9.6	106.7
3100.0	29.052799999999998	13.6839	12.3	114.8
3105.0	7.4421	5.5853	9.7	134.6
3106.0	20.621599999999997	15.735700000000001	11.3	118.0
3113.0	22.2434	20.0557	7.0	102.9
3120.0	3.9806	29.6167	16.1	153.5
3127.0	11.5387	12.789100000000001	18.1	132.4
3131.0	21.6541	25.3324	19.7	130.9
3147.0	16.2991	19.9391	12.6	100.0
3148.0	16.2785	19.7933	8.4	132.6
3148.0	28.165	13.898	14.0	122.1
3148.0	28.111900000000002	14.4629	13.3	105.3
3151.0	16.9662	12.2926	10.6	126.1
3151.0	24.4865	8.7069	10.4	119.1
3152.0	3.3445	17.6542	11.9	117.0
3160.0	14.8595	19.523400000000002	10.9	113.5
3178.0	2.4777	14.151399999999999	17.4	153.0
3179.0	29.4076	15.611600000000001	17.3	124.3
3180.0	14.7232	15.5974	18.4	169.5
3186.0	17.736	7.0043999999999995	10.5	98.0
3190.0	5.1126000000000005	29.3444	12.5	130.8
3199.0	4.5492	5.9526	10.5	113.2
3202.0	14.580200000000001	30.9285	13.2	134.2
3203.0	14.497	30.8263	12.1	111.0
3203.0	2.6459	10.1128	10.4	109.2
3205.0	2.46	17.8168	12.2	126.8
3217.0	16.1418	22.3895	13.0	117.7
3225.0	28.422900000000002	9.4184	10.2	108.2
3239.0	26.3086	21.4125	13.4	105.9
3246.0	2.4865	17.8185	9.8	143.3
3251.0	31.1633	24.507099999999998	12.1	124.5
3252.0	30.9253	24.7875	8.6	121.0
3253.0	29.319200000000002	16.965400000000002	11.2	111.7
3256.0	10.2736	13.4941	13.4	130.3
3262.0	19.411099999999998	24.2205	11.9	115.1
3264.0	2.53	17.9555	11.5	105.2
3271.0	1.7159	15.4614	13.5	112.0
3277.0	5.6091999999999995	22.206599999999998	11.7	129.0
3278.0	5.6665	22.4419	18.0	158.1
3279.0	5.5017	22.3975	10.5	146.2
3280.0	5.759600000000001	21.8092	27.8	166.8
3283.0	16.534299999999998	15.0131	8.0	104.7
3287.0	31.383599999999998	10.0622	12.5	110.4
3292.0	12.5588	13.3424	21.7	147.9
3296.0	12.3117	10.610700000000001	20.0	137.1
3327.0	24.0744	4.0626	8.9	140.1
3328.0	24.2927	4.2043	14.6	119.7
3329.0	30.237	20.4123	10.3	99.9
3342.0	0.6121	31.1945	12.6	111.0
3353.0	30.6647	7.364	24.8	188.6
3364.0	19.9068	7.7753000000000005	23.9	169.1
3364.0	10.1941	20.753400000000003	12.8	115.5
3372.0	0.9302	12.8269	10.4	99.2
3374.0	24.0303	6.4527	9.3	119.3
3385.0	12.858	17.3163	17.1	123.4
3385.0	2.5068	17.7731	12.8	127.0
3391.0	7.2892	16.4173	10.8	107.3
3398.0	2.4442	17.8749	29.3	174.3
3401.0	23.4547	24.7308	9.4	120.8
81.0	12.4674	13.5159	11.8	110.0
82.0	1.6754	0.4675	8.0	121.3
83.0	2.39	2.5876	30.7	122.7
84.0	20.9965	0.298	8.6	104.9
84.0	25.9339	19.0028	7.1	104.5
84.0	7.1801	14.8184	8.8	92.3
84.0	4.8412	1.7045	8.3	144.9
85.0	11.9739	14.1645	22.4	116.2
88.0	31.1995	18.1618	9.9	96.5
89.0	11.3931	12.5876	27.7	146.1
91.0	1.6347	0.7794	23.4	108.9
91.0	1.6279000000000001	14.008700000000001	9.4	101.3
91.0	11.72	13.1708	25.8	164.9
93.0	2.6184000000000003	2.7325	34.1	106.9
95.0	0.4224	8.675799999999999	8.7	91.4
95.0	14.6556	24.7282	12.5	109.6
96.0	0.5778	0.2299	14.0	103.0
96.0	18.2413	7.7571	8.9	96.5
98.0	11.715399999999999	13.164299999999999	14.0	118.6
101.0	16.434900000000003	12.5024	8.3	106.7
102.0	20.913400000000003	14.32	11.4	98.6
103.0	20.9999	0.3068	7.4	109.9
104.0	11.1388	14.2435	14.5	99.6
107.0	2.4554	3.1653000000000002	25.1	119.5
109.0	8.7354	17.21	8.1	87.9
111.0	4.4624	22.9728	8.9	105.2
115.0	14.2365	10.2079	7.2	125.0
115.0	11.2456	14.816799999999999	18.2	138.2
118.0	11.6532	13.1026	16.8	118.5
119.0	12.168700000000001	13.077399999999999	12.3	94.3
122.0	29.6226	14.5631	17.5	150.8
123.0	21.8231	10.127600000000001	13.3	101.3
127.0	22.727700000000002	7.6023000000000005	9.3	98.5
127.0	13.9505	12.3824	10.0	95.8
128.0	17.2724	25.3752	7.5	118.0
131.0	20.997400000000003	0.3097	7.5	99.7
139.0	11.6769	13.1376	23.9	112.3
141.0	12.7578	13.0585	12.3	104.7
141.0	12.244200000000001	9.5462	9.7	94.1
147.0	22.838	7.1456	9.1	103.5
147.0	30.4425	14.8565	19.5	174.5
149.0	9.334299999999999	18.2808	26.5	116.0
151.0	21.8228	10.113299999999999	9.2	101.3
153.0	9.8755	17.8296	20.4	125.2
154.0	9.8959	18.026400000000002	28.4	114.3
157.0	18.258599999999998	7.7637	10.7	96.7
158.0	14.9018	11.831299999999999	11.8	116.1
159.0	9.163799999999998	18.234	22.9	110.3
167.0	11.649799999999999	13.193700000000002	15.4	131.5
168.0	31.514	13.8491	17.3	101.1
174.0	14.892299999999999	11.822899999999999	7.4	118.7
178.0	21.794	10.1309	11.3	111.6
188.0	18.2314	7.7446	21.3	100.8
200.0	14.9173	11.8186	11.9	113.9
203.0	11.6419	13.1288	24.9	121.0
214.0	24.8563	24.563200000000002	15.9	116.2
216.0	14.897200000000002	11.8116	11.5	105.1
216.0	18.2357	7.7543999999999995	7.2	99.2
223.0	11.2277	14.1989	16.0	102.7
236.0	2.606	17.938200000000002	10.6	166.4
238.0	12.4238	24.4853	10.9	95.5
243.0	14.8932	11.817200000000001	10.5	107.5
248.0	13.2667	12.8925	12.3	116.9
249.0	29.0439	16.2131	30.5	119.6
253.0	10.9335	14.0175	11.5	105.0
259.0	9.7419	19.099400000000003	12.3	96.6
260.0	22.9569	24.7546	11.6	97.0
275.0	9.7439	19.1109	13.8	106.5
278.0	27.3631	20.1264	16.0	108.7
278.0	11.6655	13.108	19.4	119.5
298.0	31.7335	13.693	13.9	99.0
303.0	14.9056	11.7795	9.8	100.9
325.0	14.9122	11.845	12.9	105.5
326.0	16.7104	29.8614	9.3	104.9
332.0	12.299700000000001	14.908700000000001	20.1	118.6
351.0	14.9104	11.8425	13.4	100.3
368.0	14.411700000000002	18.1393	9.5	105.8
376.0	20.5783	11.508700000000001	9.1	120.8
379.0	12.343200000000001	14.5707	20.4	110.9
382.0	14.863100000000001	11.834200000000001	15.7	119.3
388.0	4.4195	25.6554	8.1	95.8
392.0	27.460099999999997	12.700899999999999	13.4	107.5
397.0	23.2273	24.856	30.5	109.5
397.0	28.519299999999998	9.425600000000001	21.8	122.6
398.0	3.6161999999999996	4.9291	13.9	113.9
403.0	27.1588	12.6265	22.3	99.3
405.0	19.215700000000002	15.1765	7.7	121.2
406.0	9.2522	17.9829	12.0	107.6
406.0	27.272599999999997	12.6025	17.2	104.8
408.0	27.1522	12.754100000000001	9.8	107.7
410.0	22.573400000000003	15.786	8.3	109.0
414.0	16.1947	26.063200000000002	13.5	115.8
416.0	14.8843	11.8278	21.9	153.1
422.0	13.678700000000001	17.021099999999997	10.4	105.7
429.0	5.4502	20.958	13.7	92.4
433.0	16.2161	9.9034	7.8	109.7
438.0	19.5266	18.000799999999998	20.4	163.6
445.0	2.5936999999999997	18.023	25.8	170.3
451.0	29.8755	10.5126	7.0	98.4
451.0	26.6722	10.3658	8.7	161.2
456.0	22.3765	22.060599999999997	10.7	142.9
459.0	4.7058	31.0015	19.5	100.6
464.0	29.1003	14.0747	14.8	111.1
466.0	15.9962	29.383599999999998	22.4	125.5
471.0	20.3373	17.5574	7.8	100.7
472.0	13.6075	13.2709	27.4	119.7
480.0	26.8347	15.7698	7.1	105.0
480.0	11.6749	21.6695	10.1	89.9
509.0	25.1979	11.4146	15.3	115.5
519.0	16.7655	15.3911	8.0	125.4
522.0	11.665899999999999	21.6764	9.3	102.1
526.0	12.319799999999999	13.6905	14.2	138.7
528.0	8.1636	18.3109	7.5	112.4
528.0	14.8798	11.8073	11.4	110.1
529.0	26.816	15.7695	10.2	111.2
529.0	22.3912	15.1464	7.4	114.1
530.0	12.4333	13.438799999999999	11.3	101.4
532.0	25.9175	5.498399999999999	8.8	108.5
552.0	27.9332	28.404	7.1	111.2
562.0	15.2655	14.5389	12.6	110.7
563.0	21.9298	22.7853	7.0	96.8
564.0	9.5135	2.6606	10.7	101.4
587.0	13.6926	8.4848	10.7	101.0
592.0	12.540700000000001	19.3675	10.4	113.7
602.0	12.949	19.9916	23.5	97.7
606.0	10.367899999999999	6.2568	10.4	162.4
613.0	2.5172	17.9576	13.6	166.7
618.0	14.894	11.8116	12.0	106.2
622.0	12.5397	13.4253	11.6	133.5
633.0	13.880799999999999	7.8616	7.6	104.9
634.0	16.848	6.6177	11.6	103.1
635.0	10.609399999999999	7.883100000000001	7.1	103.0
646.0	18.2255	12.5323	32.7	110.7
649.0	4.7763	20.4237	20.6	110.7
651.0	9.6105	11.578700000000001	7.1	124.1
651.0	9.3051	6.9909	10.0	99.1
652.0	23.9101	18.9756	15.3	122.7
668.0	9.992299999999998	16.0461	14.5	120.4
668.0	11.5099	22.4523	11.3	108.5
675.0	2.1408	1.242	8.9	108.2
679.0	16.6155	11.3744	13.3	113.9
689.0	6.746899999999999	16.9755	8.2	113.1
689.0	8.343200000000001	13.549100000000001	15.6	109.5
690.0	12.0703	13.8795	16.1	114.7
703.0	2.6004	17.897299999999998	14.1	156.8
706.0	5.975899999999999	19.6021	8.2	101.3
710.0	19.1451	11.4459	22.5	116.0
712.0	20.5705	23.2694	12.3	102.6
715.0	12.0061	13.7696	13.9	108.1
722.0	11.105	7.4191	11.6	104.3
728.0	12.4627	13.4278	11.4	101.6
729.0	15.0586	14.9173	16.1	105.2
777.0	11.6011	14.548399999999999	21.4	100.6
781.0	2.617	17.8953	14.4	150.5
802.0	2.6279	17.9228	14.2	165.7
808.0	18.594	25.3275	22.5	111.0
810.0	2.6119	17.9181	7.4	144.9
820.0	10.2943	23.0104	10.3	98.1
822.0	2.5976999999999997	17.955	12.9	155.3
839.0	30.2747	10.1357	17.7	116.7
848.0	19.5976	1.5063	7.6	103.7
883.0	2.5733	17.9346	12.2	174.6
884.0	19.6002	1.5065	10.3	108.9
893.0	4.3384	2.5587	11.3	108.7
897.0	3.0105999999999997	3.8724000000000003	9.2	106.6
899.0	3.9975	3.6942	7.2	110.5
901.0	26.6214	11.0711	8.2	110.9
904.0	1.0782	8.2676	8.0	93.5
911.0	13.2094	9.155899999999999	14.5	112.8
924.0	26.9157	31.1597	7.6	96.4
931.0	1.6109	0.3416	8.1	104.7
934.0	11.554799999999998	10.7533	10.3	113.3
939.0	2.593	17.9652	10.2	150.3
948.0	21.7858	5.9754	8.5	108.4
964.0	2.5868	17.919700000000002	18.8	150.7
980.0	30.7865	16.7803	12.8	108.8
985.0	22.7441	14.815299999999999	7.1	105.2
993.0	20.296599999999998	28.0913	16.0	128.2
1001.0	26.297900000000002	28.9075	12.6	108.7
1019.0	9.276200000000001	28.058	11.9	108.3
1028.0	12.5332	21.0263	10.3	109.0
1029.0	27.5872	19.2476	12.1	104.4
1034.0	17.0485	29.7517	18.9	117.6
1058.0	24.4019	13.578299999999999	12.4	109.9
1058.0	2.585	17.9153	14.5	135.8
1062.0	21.160700000000002	5.8511999999999995	12.2	101.6
1065.0	17.869	22.2219	24.7	102.4
1106.0	20.3388	27.2588	8.8	114.5
1112.0	10.73	18.0274	13.2	123.4
1113.0	10.5371	17.9915	27.3	117.0
1119.0	17.3872	24.582099999999997	8.4	99.7
1132.0	24.7598	8.7642	12.5	110.9
1132.0	14.8868	11.748700000000001	12.5	102.8
1139.0	16.2903	14.125	9.3	90.9
1144.0	14.886299999999999	11.8002	10.7	101.3
1176.0	6.936	19.883200000000002	17.5	166.1
1201.0	11.7639	11.88	12.4	111.7
1202.0	30.4249	15.2911	22.0	120.4
1218.0	9.8773	18.546400000000002	12.2	127.0
1222.0	17.3199	6.8697	7.6	131.6
1229.0	2.676	17.882099999999998	27.2	137.6
1230.0	11.6754	13.6606	16.2	99.2
1231.0	29.0597	13.1528	8.2	114.7
1241.0	9.178	6.8185	13.3	110.7
1244.0	2.5696	17.908900000000003	30.1	162.1
1247.0	1.9129	6.0485	22.0	189.9
1253.0	11.7871	26.277	11.9	135.9
1261.0	15.764299999999999	12.6332	9.2	109.0
1264.0	2.5728	17.8766	26.1	146.6
1292.0	22.5472	29.4079	10.3	94.5
1311.0	17.177400000000002	8.8103	7.6	110.0
1323.0	7.5295	18.301599999999997	9.6	107.6
1325.0	13.9406	18.9275	10.0	115.8
1343.0	0.4405	10.255600000000001	7.7	111.6
1375.0	23.6215	18.6943	8.0	106.7
1405.0	7.864	13.9555	8.1	101.2
1410.0	12.9651	14.0009	8.5	128.9
1420.0	12.2316	13.499600000000001	7.9	126.1
1426.0	2.6009	17.882900000000003	12.7	143.1
1442.0	1.6650999999999998	17.096700000000002	7.6	92.9
1456.0	8.696299999999999	5.1099	8.6	105.6
1469.0	22.409599999999998	19.3436	18.5	118.2
1476.0	19.843700000000002	28.7044	11.0	101.3
1501.0	2.5877	17.967599999999997	11.6	163.4
1507.0	25.253700000000002	14.68	15.2	109.5
1517.0	2.6355	18.0121	11.1	131.3
1543.0	13.1537	27.377599999999997	17.8	107.3
1555.0	4.790100000000001	28.6271	9.4	106.8
1558.0	3.1931	21.586299999999998	12.3	109.3
1572.0	2.5924	17.903	11.1	133.0
1580.0	18.3387	14.9341	14.9	105.7
1581.0	13.5546	15.7615	9.0	97.2
1585.0	4.776800000000001	28.6184	8.4	88.9
1587.0	19.7952	16.7569	10.3	104.4
1607.0	13.3689	13.5827	8.5	121.3
1626.0	2.6247	17.9637	13.5	148.4
1642.0	31.3937	15.2957	10.3	107.8
1650.0	31.322	15.8499	25.7	107.6
1665.0	20.046799999999998	31.7544	9.0	96.0
1677.0	25.7484	14.9331	8.4	107.0
1702.0	2.5798	17.951	12.8	146.5
1739.0	11.6186	9.109	8.7	107.5
1756.0	2.6088	17.7926	9.4	113.2
1760.0	24.1795	5.424600000000001	7.7	98.7
1778.0	12.4385	28.653599999999997	8.3	107.4
1792.0	5.7322	23.2065	16.9	108.3
1793.0	17.725099999999998	9.908700000000001	12.2	142.4
1848.0	2.5953000000000004	17.9067	8.1	129.2
1873.0	16.8391	11.4363	9.0	119.1
1899.0	12.716700000000001	14.5647	9.3	121.2
1930.0	22.7434	25.9413	14.9	94.6
1934.0	22.4527	10.7073	7.5	106.2
1940.0	1.24	2.3593	8.0	109.4
1941.0	11.3468	12.6755	8.9	101.1
1984.0	2.5827	17.9219	10.0	156.5
1999.0	17.5766	19.0224	10.3	84.6
2008.0	12.4945	8.638	15.0	117.2
2027.0	13.058200000000001	27.0175	38.2	108.5
2037.0	12.6725	26.8018	15.1	119.9
2068.0	1.155	1.9052	9.9	120.4
2077.0	31.064799999999998	19.6387	11.8	90.8
2079.0	7.8072	14.9587	20.2	108.7
2093.0	6.2959	31.2471	21.8	107.0
2102.0	24.294	7.2861	8.3	142.3
2113.0	1.2354	1.2032	13.2	111.5
2123.0	2.6946999999999997	17.948400000000003	11.1	117.2
2128.0	2.6243000000000003	17.9317	18.1	138.8
2146.0	2.6426999999999996	17.885	24.8	137.1
2182.0	27.102400000000003	15.1675	10.6	109.6
2183.0	3.4920999999999998	0.5528	13.0	103.4
2188.0	18.922099999999997	1.8660999999999999	13.6	111.5
2197.0	14.884	11.740200000000002	7.1	105.1
2226.0	3.5745999999999998	0.49410000000000004	13.2	107.6
2229.0	26.1945	15.7047	9.5	107.2
2233.0	2.6418000000000004	17.8882	32.2	111.2
2247.0	20.8595	21.433	9.0	101.0
2249.0	3.4319	31.732200000000002	7.3	134.7
2251.0	10.595600000000001	7.5287	13.7	111.1
2254.0	2.5775	17.951700000000002	13.0	138.9
2279.0	2.0941	21.6795	8.4	138.1
2287.0	2.7443	2.3056	23.7	161.3
2291.0	20.277099999999997	27.1071	7.8	111.0
2293.0	2.5823	17.954900000000002	15.2	132.1
2301.0	26.987599999999997	9.1987	11.1	168.4
2304.0	23.8038	7.3264	35.2	112.8
2317.0	13.6955	11.3043	10.1	103.0
2319.0	2.5907	17.9433	13.9	160.2
2331.0	17.1631	15.6549	14.5	88.7
2341.0	13.6037	26.143	8.5	113.4
2353.0	25.6648	12.3521	9.1	138.6
2357.0	12.0106	14.6874	10.7	160.9
2359.0	7.5748	15.0984	19.4	107.2
2368.0	28.8006	15.4056	11.4	104.4
2378.0	2.5881999999999996	17.888	22.4	161.6
2384.0	18.4937	3.6231999999999998	12.1	99.7
2398.0	20.655099999999997	21.541900000000002	7.5	110.9
2411.0	2.5738000000000003	17.8955	11.2	158.1
2418.0	4.3304	9.022	12.6	104.7
2452.0	28.5703	15.9714	8.3	112.9
2454.0	10.4781	7.8875	15.3	112.7
2464.0	28.5556	15.9722	15.7	100.4
2495.0	24.9268	12.2906	11.8	113.8
2511.0	23.6408	2.5412	7.0	105.3
2518.0	11.5678	13.3835	7.1	100.8
2524.0	11.6793	13.525	7.7	135.3
2554.0	2.5679000000000003	17.9817	24.3	139.7
2555.0	21.7856	3.2185	10.3	101.2
2563.0	30.325599999999998	12.2461	7.9	118.3
2572.0	13.1212	6.931	7.6	103.5
2593.0	13.037700000000001	12.7458	9.3	112.9
2598.0	2.5409	17.905099999999997	10.4	161.5
2601.0	16.702900000000003	17.1827	8.1	96.3
2603.0	17.168	1.7585	10.2	137.6
2615.0	19.872700000000002	25.4023	7.4	110.3
2627.0	2.6021	17.923	16.1	127.9
2642.0	29.6191	11.0529	27.3	139.3
2643.0	2.601	17.92	11.3	160.2
2646.0	22.3245	30.743	9.6	181.1
2670.0	28.0311	8.893799999999999	8.9	108.8
2712.0	9.3597	11.177299999999999	11.8	129.3
2719.0	7.1825	7.6596	11.6	118.7
2720.0	11.666	16.1626	8.2	98.7
2749.0	2.6022	17.8998	16.8	131.2
2778.0	13.214799999999999	16.2266	25.6	114.7
2783.0	5.5942	3.4859	17.3	103.9
2800.0	22.6014	7.5327	14.8	105.6
2833.0	2.6238	17.9133	8.5	126.7
2859.0	23.8726	17.5442	10.8	100.1
2864.0	22.6598	22.9592	16.0	122.6
2872.0	2.9652	2.4823000000000004	11.6	92.7
2899.0	2.6307	17.952900000000003	12.1	146.7
2944.0	24.682299999999998	7.0051000000000005	10.6	103.4
2951.0	18.149	25.5839	7.7	106.0
2951.0	2.5742	17.938599999999997	9.8	146.0
2954.0	25.5317	17.151400000000002	11.2	99.6
2954.0	10.415	27.4428	11.2	99.6
2963.0	10.2291	5.6768	12.8	130.5
2965.0	1.2712999999999999	3.3726	17.5	125.2
2966.0	3.6221	4.9769	8.0	91.8
2970.0	2.5596	17.9025	19.8	129.0
2992.0	2.5037	17.9739	9.0	141.7
3035.0	2.5653	17.841	17.5	149.5
3036.0	15.992	5.8438	8.6	93.8
3039.0	2.638	17.9864	9.2	131.1
3039.0	8.324	7.4291	13.9	103.9
3055.0	2.6022	17.928	9.9	140.1
3081.0	29.0107	8.2141	10.1	93.9
3085.0	8.6753	6.9805	23.2	113.9
3096.0	6.9453000000000005	16.3332	9.9	101.1
3118.0	31.5637	8.8315	15.8	95.5
3118.0	20.619799999999998	28.509	16.7	105.9
3121.0	14.2271	14.8135	7.3	101.3
3132.0	29.997700000000002	31.628	8.6	96.1
3134.0	16.9587	31.2823	7.1	99.3
3148.0	15.586799999999998	19.622	8.2	101.9
3151.0	14.6841	24.0128	8.5	136.5
3161.0	2.574	17.8553	23.0	123.1
3163.0	25.396	13.201600000000001	10.7	92.7
3197.0	2.5866	10.3354	25.3	95.5
3208.0	18.6412	23.6423	10.3	102.2
3262.0	25.438200000000002	12.6823	11.8	124.9
3281.0	12.5196	3.1635	21.9	115.4
3283.0	3.081	14.361799999999999	11.2	104.6
3293.0	2.5793000000000004	17.919400000000003	12.3	131.7
3299.0	28.9105	7.998399999999999	9.9	105.7
3343.0	11.379100000000001	4.3788	10.8	97.2
3349.0	17.2454	20.0794	9.5	102.1
3350.0	29.0273	8.213299999999998	8.4	95.4
3355.0	1.7327000000000001	10.8119	11.5	100.5
3372.0	11.5199	13.0496	9.4	101.6
3383.0	5.7046	9.4162	11.3	96.8
