6.000000000000000000e+01
7.300000000000000000e+01
1.020000000000000000e+02
1.030000000000000000e+02
1.110000000000000000e+02
1.220000000000000000e+02
1.300000000000000000e+02
1.330000000000000000e+02
1.400000000000000000e+02
1.440000000000000000e+02
1.710000000000000000e+02
1.790000000000000000e+02
1.920000000000000000e+02
2.040000000000000000e+02
2.450000000000000000e+02
2.990000000000000000e+02
3.010000000000000000e+02
3.140000000000000000e+02
3.220000000000000000e+02
3.230000000000000000e+02
3.350000000000000000e+02
3.390000000000000000e+02
3.520000000000000000e+02
3.550000000000000000e+02
3.680000000000000000e+02
4.080000000000000000e+02
4.090000000000000000e+02
4.190000000000000000e+02
4.420000000000000000e+02
4.440000000000000000e+02
4.500000000000000000e+02
4.520000000000000000e+02
4.650000000000000000e+02
4.720000000000000000e+02
4.730000000000000000e+02
4.870000000000000000e+02
5.300000000000000000e+02
5.500000000000000000e+02
5.570000000000000000e+02
5.640000000000000000e+02
5.760000000000000000e+02
5.820000000000000000e+02
5.880000000000000000e+02
6.060000000000000000e+02
6.250000000000000000e+02
6.500000000000000000e+02
6.530000000000000000e+02
6.750000000000000000e+02
6.820000000000000000e+02
6.920000000000000000e+02
6.930000000000000000e+02
7.290000000000000000e+02
7.940000000000000000e+02
8.000000000000000000e+02
8.050000000000000000e+02
8.080000000000000000e+02
8.180000000000000000e+02
8.250000000000000000e+02
8.470000000000000000e+02
8.620000000000000000e+02
8.630000000000000000e+02
8.640000000000000000e+02
9.090000000000000000e+02
9.390000000000000000e+02
9.540000000000000000e+02
1.007000000000000000e+03
1.022000000000000000e+03
1.040000000000000000e+03
1.062000000000000000e+03
1.079000000000000000e+03
1.083000000000000000e+03
1.092000000000000000e+03
1.093000000000000000e+03
1.104000000000000000e+03
1.108000000000000000e+03
1.163000000000000000e+03
