1.000000000000000000e+01
1.300000000000000000e+01
1.400000000000000000e+01
1.800000000000000000e+01
2.000000000000000000e+01
2.400000000000000000e+01
3.600000000000000000e+01
4.000000000000000000e+01
5.700000000000000000e+01
6.400000000000000000e+01
7.900000000000000000e+01
8.000000000000000000e+01
9.600000000000000000e+01
1.030000000000000000e+02
1.210000000000000000e+02
1.410000000000000000e+02
1.430000000000000000e+02
1.440000000000000000e+02
1.540000000000000000e+02
1.600000000000000000e+02
1.720000000000000000e+02
1.920000000000000000e+02
1.980000000000000000e+02
2.180000000000000000e+02
2.220000000000000000e+02
2.610000000000000000e+02
2.650000000000000000e+02
3.080000000000000000e+02
3.320000000000000000e+02
3.530000000000000000e+02
3.740000000000000000e+02
3.880000000000000000e+02
3.900000000000000000e+02
3.920000000000000000e+02
4.120000000000000000e+02
4.160000000000000000e+02
4.170000000000000000e+02
4.220000000000000000e+02
4.230000000000000000e+02
4.410000000000000000e+02
4.420000000000000000e+02
4.440000000000000000e+02
4.490000000000000000e+02
4.500000000000000000e+02
4.730000000000000000e+02
4.970000000000000000e+02
5.040000000000000000e+02
5.430000000000000000e+02
5.440000000000000000e+02
5.450000000000000000e+02
5.470000000000000000e+02
5.630000000000000000e+02
5.790000000000000000e+02
5.800000000000000000e+02
5.830000000000000000e+02
6.010000000000000000e+02
6.400000000000000000e+02
6.480000000000000000e+02
6.550000000000000000e+02
6.620000000000000000e+02
7.170000000000000000e+02
7.220000000000000000e+02
7.260000000000000000e+02
7.300000000000000000e+02
7.540000000000000000e+02
7.660000000000000000e+02
7.850000000000000000e+02
7.920000000000000000e+02
8.020000000000000000e+02
8.050000000000000000e+02
8.150000000000000000e+02
8.220000000000000000e+02
8.330000000000000000e+02
8.520000000000000000e+02
8.820000000000000000e+02
8.880000000000000000e+02
9.220000000000000000e+02
9.250000000000000000e+02
9.270000000000000000e+02
9.280000000000000000e+02
9.300000000000000000e+02
9.360000000000000000e+02
9.370000000000000000e+02
9.870000000000000000e+02
9.890000000000000000e+02
9.910000000000000000e+02
9.980000000000000000e+02
1.014000000000000000e+03
1.028000000000000000e+03
1.030000000000000000e+03
1.037000000000000000e+03
1.038000000000000000e+03
1.040000000000000000e+03
1.049000000000000000e+03
1.078000000000000000e+03
1.100000000000000000e+03
1.105000000000000000e+03
1.112000000000000000e+03
1.126000000000000000e+03
1.129000000000000000e+03
1.133000000000000000e+03
1.150000000000000000e+03
1.200000000000000000e+03
1.202000000000000000e+03
1.221000000000000000e+03
1.227000000000000000e+03
1.228000000000000000e+03
1.252000000000000000e+03
1.276000000000000000e+03
1.284000000000000000e+03
1.290000000000000000e+03
1.316000000000000000e+03
1.319000000000000000e+03
1.325000000000000000e+03
1.335000000000000000e+03
1.351000000000000000e+03
1.352000000000000000e+03
1.354000000000000000e+03
1.387000000000000000e+03
1.391000000000000000e+03
1.407000000000000000e+03
1.416000000000000000e+03
1.431000000000000000e+03
1.433000000000000000e+03
1.436000000000000000e+03
1.480000000000000000e+03
1.504000000000000000e+03
1.507000000000000000e+03
1.566000000000000000e+03
1.567000000000000000e+03
1.592000000000000000e+03
1.594000000000000000e+03
1.596000000000000000e+03
1.615000000000000000e+03
1.616000000000000000e+03
1.622000000000000000e+03
1.625000000000000000e+03
1.663000000000000000e+03
1.714000000000000000e+03
1.731000000000000000e+03
1.741000000000000000e+03
1.757000000000000000e+03
1.758000000000000000e+03
1.761000000000000000e+03
1.763000000000000000e+03
1.778000000000000000e+03
1.785000000000000000e+03
1.788000000000000000e+03
1.808000000000000000e+03
1.850000000000000000e+03
1.864000000000000000e+03
1.865000000000000000e+03
1.866000000000000000e+03
