R second number: 1874
G second number: 1192
area_new: [[0.87271795 0.87271795 0.87271795 0.87271795 0.87271795 0.87271795
  0.87271795 0.87271795 0.87271795 0.87271795]
 [0.87271795 0.87271795 0.87271795 0.87271795 0.87271795 0.87271795
  0.87271795 0.87271795 0.87271795 0.87271795]
 [0.87271795 0.87271795 0.87271795 0.87271795 0.87271795 0.87271795
  0.87271795 0.87271795 0.87271795 0.87271795]
 [0.87271795 0.87271795 0.87271795 0.87271795 0.87271795 0.87271795
  0.87271795 0.87271795 0.87271795 0.87271795]
 [0.87271795 0.87271795 0.87271795 0.87271795 0.87271795 0.87271795
  0.87271795 0.87271795 0.87271795 0.87271795]
 [0.87271795 0.87271795 0.87271795 0.87271795 0.87271795 0.87271795
  0.87271795 0.87271795 0.87271795 0.87271795]
 [0.87271795 0.87271795 0.87271795 0.87271795 0.87271795 0.87271795
  0.87271795 0.87271795 0.87271795 0.77994782]
 [0.67051337 0.87271795 0.87271795 0.87271795 0.87271795 0.87271795
  0.87271795 0.87271795 0.87271795 0.42497246]
 [0.12605762 0.83767218 0.87271795 0.87271795 0.87271795 0.87271795
  0.87271795 0.87271795 0.84946893 0.07736158]
 [0.         0.37492407 0.77320681 0.60554563 0.43788446 0.27022328
  0.15317024 0.14900062 0.12117543 0.        ]]
select_R_number second: 153
select_G_number second: 76
