4.413754506596217 7.2706172285172475 7.922361689288284 8.574007056620093 9.062406821182382 9.402970012773817 8.786930053096102 1.8959568750487301 0.0 0.0
7.736150883171426 9.757320462910199 9.7573204629102 9.757320462910196 9.757320462910196 9.757320462910213 9.757320462910196 9.251606456471247 2.641617830168711 0.0
9.279234985356508 9.757320462910196 9.757320462910199 9.757320462910194 9.757320462910194 9.75732046291021 9.757320462910194 9.757320462910194 9.37631608257384 1.0095417351811193
9.399663317048875 9.7573204629102 9.757320462910204 9.757320462910199 9.757320462910199 9.757320462910215 9.757320462910199 9.757320462910199 9.757320462910199 5.879640353119061
8.915561725681014 9.7573204629102 9.757320462910204 9.757320462910199 9.757320462910199 9.757320462910215 9.757320462910199 9.757320462910199 9.757320462910199 8.98893578004553
8.431460134313147 9.75732046291019 9.757320462910194 9.757320462910188 9.757320462910188 9.757320462910204 9.757320462910188 9.757320462910188 9.757320462910188 7.06380474295173
7.947358542945299 9.7573204629102 9.757320462910204 9.757320462910199 9.757320462910199 9.757320462910215 9.757320462910199 9.757320462910199 9.757320462910199 4.928117722392953
7.534306687623966 9.7573204629102 9.757320462910204 9.757320462910199 9.757320462910199 9.757320462910215 9.757320462910199 9.757320462910199 9.559441355418164 1.823384356649104
7.192304568349161 9.7573204629102 9.757320462910204 9.757320462910199 9.757320462910199 9.757320462910215 9.757320462910199 9.661099783080163 4.286188154684025 0.0
6.7913448887710395 9.02387155656529 8.389758747985175 7.816374869666385 7.436051559825485 7.199306777066793 6.069604512838218 1.5848997554316129 0.0 0.0
