0.0 1.9255586644127498 2.145824776339796 0.9330526493820768 1.324151545696593 3.7222281845473226 5.6902694909221845 7.911572355576109 0.0 0.0
1.0341059941582227 2.1522302234333486 0.5124357674841304 0.717410074477783 1.434820148955566 2.3572045304269973 2.7671531444143063 1.2970720335392483 4.921226625416037 0.0
0.323302514133361 1.2298458419619138 0.30746146049047834 1.4348201489555663 2.459691683923828 3.484563218892084 2.6646659909174804 1.9472559164396972 3.1995508402021433 19.810968980308527
1.063867892146972 1.6397944559492175 3.5870503723889122 4.20197329336987 10.043741042688959 1.947255916439693 1.947255916439696 1.639794455949218 1.639794455949218 1.7007842996204945
0.11216343184743248 2.5621788374206522 7.789023665758781 7.174100744777828 12.09348411262548 1.0248715349682596 0.922384381471435 0.819897227974609 2.3572045304270004 0.8899829964031046
0.23720683821544586 2.6646659909174812 2.8696402979111326 3.177101758401613 1.0248715349682622 0.7174100744777824 1.0248715349682622 0.8198972279746098 2.254717376930177 1.2741009027720094
1.3841076806286117 2.7671531444143045 1.3323329954587388 1.5373073024523918 0.819897227974609 1.2298458419619114 0.7174100744777828 2.972127451407957 5.124357674841305 1.6233378443150155
0.13272621376597588 1.7422816094460436 2.254717376930173 1.84476876294287 0.922384381471435 0.8198972279746075 2.8696402979111313 6.969126437784175 1.673737973289769 0.54843072243843
0.0 0.3074614604904783 1.0248715349682607 3.279588911898436 2.1522302234333486 2.9721274514079523 0.819897227974609 0.0 0.23330753665286058 0.0
0.0 0.0 0.11919293868135993 0.6396827280385297 3.0930393388154216 2.083533937987212 0.1647553803357096 0.0 0.0 0.0
