3.1719027370184363 0.9627793322063749 1.7671498158092438 1.399578974073115 0.9931136592724449 1.488891273818929 0.6828323389106622 1.0548763140768145 0.0 0.0
0.9048427448884448 0.819897227974609 1.127358688465087 0.8198972279746092 0.717410074477783 0.9223843814714336 1.8447687629428706 0.8647146890261656 1.8927794713138604 0.0
0.0 0.717410074477783 1.1273586884650872 0.9223843814714355 1.0248715349682618 2.152230223433346 0.614922920980957 0.7174100744777832 0.7465618627138334 8.914936041138837
0.10638678921469719 0.7174100744777827 1.844768762942869 1.947255916439696 5.739280595822263 3.5870503723889082 1.2298458419619134 1.639794455949218 1.3323329954587395 0.6803137198481978
0.11216343184743248 0.3074614604904783 1.537307302452391 2.4596916839238268 7.276587898274654 1.1273586884650855 1.2298458419619134 1.024871534968261 1.639794455949218 0.7787351218527166
0.3558102573231688 0.4099486139873048 1.6397944559492188 1.844768762942872 1.4348201489555672 0.8198972279746085 1.7422816094460458 1.3323329954587408 0.8198972279746098 1.2741009027720094
0.6291398548311871 0.9223843814714349 1.844768762942869 1.5373073024523918 1.3323329954587395 0.9223843814714335 1.024871534968261 2.049743069936522 2.1522302234333486 1.8262550748543924
0.0 1.4348201489555654 1.0248715349682607 1.3323329954587395 0.819897227974609 1.5373073024523891 1.1273586884650872 2.1522302234333486 1.0460862333061056 1.64529216731529
0.0 0.3074614604904783 1.639794455949217 1.7422816094460438 1.2298458419619134 0.7174100744777816 1.024871534968261 0.6210473066956641 0.0 0.0
0.0 0.0 0.23838587736271985 0.5117461824308237 2.689599425056888 1.3890226253248081 1.1532876623499673 0.6309547317253966 0.0 0.0
