0.8727179452599035 0.8727179452599026 0.8727179452599035 0.8727179452599026 0.8727179452599035 0.8727179452599035 0.8727179452599035 0.8727179452599035 0.8727179452599035 0.8727179452599018
0.8727179452599035 0.8727179452599026 0.8727179452599035 0.8727179452599026 0.8727179452599035 0.8727179452599035 0.8727179452599035 0.8727179452599035 0.8727179452599035 0.8727179452599018
0.8727179452599035 0.8727179452599026 0.8727179452599035 0.8727179452599026 0.8727179452599035 0.8727179452599035 0.8727179452599035 0.8727179452599035 0.8727179452599035 0.8727179452599018
0.8727179452599035 0.8727179452599026 0.8727179452599035 0.8727179452599026 0.8727179452599035 0.8727179452599035 0.8727179452599035 0.8727179452599035 0.8727179452599035 0.8727179452599018
0.8727179452599035 0.8727179452599026 0.8727179452599035 0.8727179452599026 0.8727179452599035 0.8727179452599035 0.8727179452599035 0.8727179452599035 0.8727179452599035 0.8727179452599018
0.8727179452599035 0.8727179452599026 0.8727179452599035 0.8727179452599026 0.8727179452599035 0.8727179452599035 0.8727179452599035 0.8727179452599035 0.8727179452599035 0.8727179452599018
0.8727179452599035 0.8727179452599026 0.8727179452599035 0.8727179452599026 0.8727179452599035 0.8727179452599035 0.8727179452599035 0.8727179452599035 0.8727179452599035 0.7799478156253473
0.6705133726557259 0.8727179452599026 0.8727179452599035 0.8727179452599026 0.8727179452599035 0.8727179452599035 0.8727179452599035 0.8727179452599035 0.8727179452599035 0.4249724563340337
0.1260576225713745 0.8376721823359183 0.8727179452599035 0.8727179452599026 0.8727179452599035 0.8727179452599035 0.8727179452599035 0.8727179452599035 0.8494689260873418 0.0773615755881995
0.0 0.374924074079082 0.7732068136967308 0.6055456344569612 0.43788445521719266 0.27022327597742357 0.15317024317553732 0.1490006248004684 0.12117542581474483 0.0
