0.0 2.291691159627047 1.1458455798135223 1.1458455798135234 0.0 0.0 0.0 0.0 0.0 0.0
3.437536739440567 0.0 1.1458455798135223 0.0 0.0 0.0 2.2916911596270446 2.2916911596270446 1.1458455798135223 0.0
8.020919058694655 2.291691159627047 1.1458455798135223 0.0 1.1458455798135223 0.0 0.0 1.1458455798135223 1.1458455798135223 1.1458455798135248
0.0 0.0 0.0 0.0 1.1458455798135223 1.1458455798135223 0.0 1.1458455798135223 1.1458455798135223 1.1458455798135248
0.0 0.0 0.0 1.1458455798135234 0.0 1.1458455798135223 1.1458455798135223 1.1458455798135223 1.1458455798135223 0.0
0.0 0.0 2.2916911596270446 0.0 1.1458455798135223 0.0 2.2916911596270446 0.0 1.1458455798135223 0.0
4.583382319254089 0.0 0.0 0.0 5.729227899067611 1.1458455798135223 2.2916911596270446 1.1458455798135223 0.0 0.0
2.982789130779793 3.4375367394405703 0.0 0.0 1.1458455798135223 1.1458455798135223 0.0 0.0 0.0 0.0
23.798640167923075 1.1937844195940912 0.0 2.291691159627047 2.2916911596270446 0.0 0.0 0.0 0.0 0.0
0.0 0.0 1.29331503846812 0.0 4.567414933713486 0.0 13.057366486700325 0.0 0.0 0.0
