2.2916911596270446 0.0 0.0 1.1458455798135234 2.2916911596270446 1.1458455798135223 3.437536739440567 0.0 0.0 0.0
3.437536739440567 0.0 1.1458455798135223 0.0 4.583382319254089 1.1458455798135223 0.0 6.875073478881134 1.1458455798135223 0.0
5.729227899067611 1.1458455798135234 1.1458455798135223 1.1458455798135234 1.1458455798135223 1.1458455798135223 1.1458455798135223 3.437536739440567 9.166764638508178 4.583382319254099
3.437536739440567 3.4375367394405703 2.2916911596270446 1.1458455798135234 1.1458455798135223 3.437536739440567 4.583382319254089 1.1458455798135223 1.1458455798135223 1.1458455798135248
1.1458455798135223 0.0 5.729227899067611 1.1458455798135234 2.2916911596270446 9.166764638508178 5.729227899067611 0.0 0.0 1.1458455798135248
3.437536739440567 3.4375367394405703 0.0 3.4375367394405703 1.1458455798135223 0.0 3.437536739440567 3.437536739440567 0.0 0.0
2.2916911596270446 0.0 0.0 0.0 3.437536739440567 1.1458455798135223 1.1458455798135223 0.0 4.583382319254089 0.0
4.47418369616969 3.4375367394405703 1.1458455798135223 2.291691159627047 1.1458455798135223 0.0 0.0 2.2916911596270446 1.1458455798135223 0.0
7.932880055974358 0.0 1.1458455798135223 1.1458455798135234 1.1458455798135223 5.729227899067611 0.0 1.1458455798135223 1.1772060981747796 0.0
0.0 2.6672066936653205 1.29331503846812 1.6514032024964989 2.283707466856743 7.401286927507661 13.057366486700325 0.0 0.0 0.0
